85 0.474643 1 60 30.000000 179.081963
117 0.689477 3 81 42.000000 169.693840
136 0.758074 5 88 46.000000 179.402011
139 0.757629 6 88 47.000000 183.467106
149 0.792502 9 91 50.000000 188.012144
152 0.798239 8 90 49.000000 190.419160
171 0.870563 10 98 54.000000 196.424613
182 0.923710 2 97 49.000000 197.031536
178 0.895493 7 96 51.000000 198.773190
186 0.940115 4 98 51.000000 197.848136
196 0.974071 12 105 58.000000 201.217365
204 1.014108 11 107 59.000000 201.162006
202 1.008087 16 108 62.000000 200.379531
209 1.019733 15 108 61.000000 204.955611
222 1.070330 13 111 62.000000 207.412667
224 1.106843 14 114 64.000000 202.377392
249 1.188516 22 127 74.000000 209.504962
251 1.196296 23 127 75.000000 209.814293
255 1.234396 19 127 73.000000 206.578764
263 1.280626 17 129 73.000000 205.368312
289 1.418581 18 144 81.000000 203.724708
299 1.446452 21 149 85.000000 206.712701
311 1.535619 20 158 89.000000 202.524194
328 1.591367 28 174 101.000000 206.112104
334 1.632592 26 177 101.000000 204.582651
340 1.653389 27 181 104.000000 205.638238
345 1.659359 29 184 106.000000 207.911609
388 1.929983 30 352 191.000000 201.038040
399 1.994157 31 366 198.000000 200.084547
404 1.986761 32 366 199.000000 203.346049
420 2.048136 24 365 194.000000 205.064507
430 2.102604 25 375 200.000000 204.508314
420 2.048647 33 376 204.000000 205.013358
436 2.087068 36 385 210.000000 208.905508
446 2.158368 34 390 212.000000 206.637608
452 2.168724 35 392 213.000000 208.417484
467 2.179065 38 395 216.000000 214.312102
465 2.170393 39 394 216.000000 214.246913
484 2.255921 40 404 222.000000 214.546520
499 2.295808 37 405 221.000000 217.352671
495 2.274019 41 406 223.000000 217.676282
577 2.475167 43 427 235.000000 233.115584
643 2.472790 44 426 235.000000 260.030168
650 2.489390 42 425 233.000000 261.108143
674 2.518622 45 430 237.000000 267.606652
692 2.531735 47 432 239.000000 273.330345
709 2.579765 48 436 242.000000 274.831235
721 2.637284 49 442 245.000000 273.387318
727 2.700980 46 445 245.000000 269.161564
730 2.685242 50 446 248.000000 271.856317
748 2.750948 53 454 253.000000 271.906266
762 2.814900 52 458 255.000000 270.702334
769 2.861439 54 463 258.000000 268.745900
779 2.965229 51 469 260.000000 262.711581
782 2.938472 56 469 262.000000 266.124707
782 2.917189 58 468 263.000000 268.066279
795 2.990363 59 475 267.000000 265.854012
798 3.011914 57 474 265.000000 264.947804
813 3.068237 60 482 271.000000 264.973012
817 3.111470 61 487 274.000000 262.576853
834 3.261548 55 495 275.000000 255.706799
836 3.261344 63 506 284.000000 256.336038
836 3.249949 64 505 284.000000 257.234806
843 3.263680 65 506 285.000000 258.297382
857 3.368916 61 514 287.000000 254.384496
857 3.357639 62 513 287.000000 255.238875
871 3.445494 67 534 300.000000 252.793939
876 3.474021 66 537 301.000000 252.157370
909 3.746278 69 713 391.000000 242.640829
925 3.935292 68 748 408.000000 235.052443
926 3.956869 74 759 416.000000 234.023416
1004 4.913329 72 856 464.000000 204.342107
1025 5.203815 71 886 478.000000 196.970876
1046 5.512479 70 929 499.000000 189.751290
1047 5.440827 77 928 502.000000 192.433981
1055 5.509894 76 940 508.000000 191.473738
1058 5.521762 75 940 507.000000 191.605506
1081 5.891604 73 1130 601.000000 183.481442
1080 5.831638 79 1129 604.000000 185.196681
1088 5.863837 78 1132 605.000000 185.544039
1132 6.090480 80 1162 621.000000 185.863840
1129 6.070896 82 1161 621.000000 185.969254
1133 6.111699 82 1166 624.000000 185.382166
1142 6.174125 83 1172 627.000000 184.965481
1160 6.263276 81 1177 629.000000 185.206592
1161 6.261487 84 1180 632.000000 185.419214
1210 6.516931 85 1204 644.000000 185.670218
1216 6.598781 87 1213 650.000000 184.276460
1224 6.636044 86 1214 650.000000 184.447240
1235 6.678920 88 1219 653.000000 184.910135
1270 6.832540 89 1235 662.000000 185.875238
1276 6.894502 89 1240 664.000000 185.075006
1315 7.079674 89 1259 674.000000 185.743016
1317 7.073310 90 1258 674.000000 186.192886
1337 7.196645 91 1272 681.000000 185.781013
1351 7.257375 92 1276 684.000000 186.155463
1347 7.244580 92 1276 684.000000 185.932104
1360 7.275923 91 1275 683.000000 186.917866
1402 7.380184 94 1297 695.000000 189.968163
1596 7.731722 93 1472 782.000000 206.422321
1621 7.868622 97 1507 802.000000 206.008117
1630 7.907273 95 1508 801.000000 206.139335
1630 7.903170 96 1508 802.000000 206.246354
2102 9.981331 98 1864 981.000000 210.593156
2143 10.215821 99 1895 997.000000 209.772665
2138 10.208557 97 1894 995.000000 209.432146
2147 10.225470 98 1893 995.000000 209.965899
2150 10.233788 99 1892 995.000000 210.088386
2175 10.456006 99 1891 995.000000 208.014418
2177 10.446372 100 1890 995.000000 208.397710
2203 10.596217 101 1889 995.000000 207.904387
2245 10.854737 102 1888 995.000000 206.822146
2257 10.927611 104 1887 995.000000 206.541027
2266 11.013251 105 1886 995.000000 205.752143
2271 11.035964 103 1885 994.000000 205.781751
2268 10.984970 108 1884 996.000000 206.463923
2279 11.045345 106 1883 994.000000 206.331264
2294 11.162292 107 1882 994.000000 205.513348
2311 11.224164 106 1881 993.000000 205.895067
2302 11.171634 109 1880 994.000000 206.057592
2312 11.247459 108 1879 993.000000 205.557540
2346 11.543956 109 1878 993.000000 203.223228
2349 11.541960 111 1877 994.000000 203.518293
2351 11.562013 109 1876 992.000000 203.338294
2358 11.599298 112 1875 993.000000 203.288165
2368 11.697052 110 1874 992.000000 202.444171
2375 11.710444 113 1873 993.000000 202.810414
2386 11.810414 112 1872 992.000000 202.025094
2406 11.897859 114 1871 992.000000 202.221257
2408 11.897616 115 1870 992.000000 202.393488
2444 12.085896 116 1869 992.000000 202.219182
2448 12.101702 115 1868 991.000000 202.285596
2453 12.113659 117 1867 992.000000 202.498684
2455 12.138994 118 1866 992.000000 202.240812
2473 12.310885 119 1865 992.000000 200.879141
2547 12.917401 120 1864 992.000000 197.175887
2563 13.078975 122 1863 992.000000 195.963369
2563 13.083511 124 1862 993.000000 195.895429
2574 13.114085 121 1861 991.000000 196.277514
2691 14.879945 126 1860 993.000000 180.847443
2709 15.050516 123 1859 991.000000 179.993829
2762 15.712955 127 1858 992.000000 175.778522
2769 15.741495 125 1857 991.000000 175.904512
2787 15.836176 128 1856 992.000000 175.989456
3085 17.085201 128 1855 991.000000 180.565625
3093 17.165953 128 1854 991.000000 180.182248
3100 17.168349 128 1853 990.000000 180.564829
3389 19.310562 129 1852 990.000000 175.499812
3534 21.223501 130 1851 990.000000 166.513527
3812 24.062381 132 1850 991.000000 158.421563
3910 24.938385 131 1849 990.000000 156.786416
3958 25.380205 133 1848 990.000000 155.948307
3964 25.406939 130 1847 988.000000 156.020369
3972 25.506360 134 1846 990.000000 155.725866
3978 25.536279 135 1845 990.000000 155.778373
3979 25.526201 136 1844 990.000000 155.879051
3987 25.607964 137 1843 990.000000 155.693752
3997 25.669550 140 1842 991.000000 155.709781
4014 25.830996 138 1841 989.000000 155.394705
4016 25.827161 139 1840 989.000000 155.495217
4018 25.876791 143 1839 991.000000 155.274276
4024 25.887370 142 1838 990.000000 155.442596
4023 25.894523 144 1837 990.000000 155.361039
4035 25.958200 141 1836 988.000000 155.442211
4034 25.973965 145 1835 990.000000 155.309365
4048 26.163038 145 1834 989.000000 154.722093
4052 26.185426 146 1833 989.000000 154.742566
4065 26.306002 147 1832 989.000000 154.527472
4065 26.286417 150 1831 990.000000 154.642605
4069 26.319759 149 1830 989.000000 154.598680
4069 26.325203 150 1829 989.000000 154.566709
4071 26.345083 151 1828 989.000000 154.525989
4072 26.338298 154 1827 990.000000 154.603764
4080 26.396400 148 1826 987.000000 154.566532
4098 26.534610 155 1825 990.000000 154.439805
4104 26.587161 152 1824 988.000000 154.360219
4109 26.623713 153 1823 988.000000 154.336099
4113 26.639005 156 1822 989.000000 154.397659
4118 26.678340 158 1821 989.000000 154.357430
4113 26.663835 159 1820 989.000000 154.253880
4125 26.725782 157 1819 988.000000 154.345343
4126 26.733907 159 1818 988.000000 154.335840
4126 26.781722 160 1817 988.000000 154.060295
4134 26.932758 163 1816 989.000000 153.493378
4136 26.939854 162 1815 988.000000 153.527187
4141 26.980542 161 1814 987.000000 153.480979
4151 27.100053 164 1813 988.000000 153.173132
4154 27.107800 165 1812 988.000000 153.240027
4159 27.135442 166 1811 988.000000 153.268187
4168 27.244743 167 1810 988.000000 152.983642
4169 27.269935 168 1809 988.000000 152.878986
4182 27.386325 169 1808 988.000000 152.703950
4184 27.402138 173 1807 990.000000 152.688816
4189 27.456416 171 1806 988.000000 152.569075
4189 27.449683 172 1805 988.000000 152.606498
4192 27.529731 174 1804 989.000000 152.271739
4192 27.534498 175 1803 989.000000 152.245376
4212 27.638810 170 1802 986.000000 152.394405
4205 27.636303 176 1801 988.000000 152.154939
4213 27.654382 175 1800 987.000000 152.344753
4210 27.645210 177 1799 988.000000 152.286780
4220 27.766361 178 1798 988.000000 151.982465
4238 27.989759 179 1797 988.000000 151.412522
4246 28.051289 182 1796 989.000000 151.365593
4248 28.063071 180 1795 987.000000 151.373312
4243 28.041754 184 1794 989.000000 151.310079
4244 28.046438 183 1793 988.000000 151.320464
4254 28.080505 178 1792 985.000000 151.493002
4263 28.218633 182 1791 986.000000 151.070394
4263 28.223474 185 1790 987.000000 151.044482
4263 28.237290 185 1789 987.000000 150.970578
4274 28.285034 181 1788 984.000000 151.104644
4282 28.480659 186 1787 986.000000 150.347645
4300 28.703561 189 1786 987.000000 149.807196
4311 28.793145 188 1785 986.000000 149.723137
4317 28.825878 187 1784 985.000000 149.761267
4339 29.259133 191 1783 987.000000 148.295577
4343 29.284052 192 1782 987.000000 148.305979
4349 29.326417 190 1781 985.000000 148.296330
4363 29.588241 193 1780 986.000000 147.457228
4447 30.994576 194 1779 986.000000 143.476717
4461 31.193673 195 1778 986.000000 143.009770
4462 31.214809 197 1777 987.000000 142.944972
4473 31.300096 198 1776 987.000000 142.906910
4474 31.308319 196 1775 985.000000 142.901316
4516 32.044808 199 1774 986.000000 140.927666
4550 32.458240 200 1773 986.000000 140.180121
4555 32.483764 202 1772 987.000000 140.223898
4558 32.490113 201 1771 986.000000 140.288832
4655 34.186554 203 1770 986.000000 136.164645
4673 34.474206 204 1769 986.000000 135.550620
4681 34.530210 206 1768 987.000000 135.562454
4687 34.616831 209 1767 988.000000 135.396565
4689 34.620055 208 1766 987.000000 135.441726
4700 34.809109 207 1765 986.000000 135.022129
4703 34.824792 210 1764 987.000000 135.047468
4706 34.847688 205 1763 984.000000 135.044827
4737 35.227772 211 1762 986.000000 134.467772
4739 35.236381 216 1761 988.000000 134.491678
4746 35.294381 212 1760 986.000000 134.468997
4748 35.290176 214 1759 986.000000 134.541692
4753 35.323213 213 1757 985.000000 134.557408
4751 35.295835 217 1758 987.000000 134.605117
4755 35.349296 218 1756 987.000000 134.514702
4756 35.356667 215 1755 985.000000 134.514942
4764 35.429462 221 1754 987.000000 134.464362
4770 35.484122 219 1753 986.000000 134.426322
4784 35.661697 220 1752 986.000000 134.149533
4788 35.688916 222 1751 986.000000 134.159300
4794 35.755928 223 1750 986.000000 134.075670
4794 35.785685 224 1749 986.000000 133.964181
4798 35.812688 228 1748 988.000000 133.974864
4798 35.847427 231 1747 989.000000 133.845032
4799 35.848927 230 1746 988.000000 133.867326
4807 35.878628 225 1745 985.000000 133.979482
4809 35.905816 233 1744 988.000000 133.933734
4812 35.912720 232 1743 987.000000 133.991522
4822 36.029677 229 1742 985.000000 133.834117
4828 36.081329 235 1741 988.000000 133.808818
4833 36.143806 234 1740 987.000000 133.715857
4848 36.336365 227 1739 983.000000 133.420060
4852 36.338712 226 1738 982.000000 133.521518
4851 36.343354 238 1737 987.000000 133.476949
4858 36.435638 237 1736 986.000000 133.330999
4859 36.432874 240 1735 987.000000 133.368562
4862 36.459584 243 1734 988.000000 133.353140
4863 36.467558 236 1733 984.000000 133.351402
4868 36.520826 239 1732 985.000000 133.293809
4876 36.657158 242 1731 986.000000 133.016313
4877 36.671402 245 1730 987.000000 132.991916
4882 36.704604 244 1729 986.000000 133.007837
4887 36.760714 241 1728 984.000000 132.940835
4887 36.757281 246 1727 986.000000 132.953251
4895 36.845177 248 1726 987.000000 132.853209
4907 36.995845 247 1725 986.000000 132.636516
4908 36.994427 250 1724 987.000000 132.668631
4910 36.996115 253 1723 988.000000 132.716638
4911 36.998237 249 1722 985.000000 132.736054
4915 37.012291 252 1721 986.000000 132.793725
4919 37.051261 251 1720 985.000000 132.762013
4926 37.138655 257 1719 988.000000 132.638083
4927 37.139014 256 1718 987.000000 132.663727
4932 37.183350 254 1717 985.000000 132.640012
4933 37.184042 255 1716 985.000000 132.664437
4943 37.301313 258 1715 986.000000 132.515443
4944 37.301571 260 1714 987.000000 132.541335
4954 37.405470 261 1713 987.000000 132.440523
4956 37.420608 262 1712 987.000000 132.440392
4958 37.421620 265 1711 988.000000 132.490256
4960 37.434215 264 1710 987.000000 132.499105
4962 37.437225 259 1709 984.000000 132.541875
4969 37.500154 266 1708 987.000000 132.506123
4970 37.500538 268 1707 987.000000 132.531432
4973 37.504565 263 1706 984.000000 132.597192
4976 37.539585 267 1705 986.000000 132.553410
4977 37.539414 270 1704 987.000000 132.580652
4990 37.676018 272 1703 987.000000 132.444995
4991 37.676481 275 1702 988.000000 132.469909
4996 37.723872 271 1701 986.000000 132.436034
5002 37.778210 269 1700 984.000000 132.404367
5005 37.796791 277 1699 988.000000 132.418649
5007 37.796980 273 1698 985.000000 132.470901
5011 37.838709 274 1697 985.000000 132.430522
5022 37.985948 278 1696 987.000000 132.206783
5024 37.985885 282 1695 988.000000 132.259654
5027 37.994093 280 1693 986.000000 132.310041
5025 37.986487 281 1694 987.000000 132.283883
5031 38.002129 279 1691 985.000000 132.387320
5029 37.995337 276 1692 984.000000 132.358347
5043 38.140436 283 1690 986.000000 132.221876
5047 38.199981 287 1689 988.000000 132.120485
5049 38.207958 284 1688 986.000000 132.145246
5060 38.296720 289 1687 988.000000 132.126198
5062 38.304162 290 1686 988.000000 132.152741
5065 38.351621 286 1685 985.000000 132.067429
5074 38.444059 292 1684 988.000000 131.983982
5078 38.471276 288 1683 985.000000 131.994582
5080 38.472235 291 1682 986.000000 132.043277
5082 38.497526 285 1681 983.000000 132.008483
5083 38.508911 295 1680 987.000000 131.995423
5091 38.582324 293 1679 986.000000 131.951616
5093 38.588041 294 1678 986.000000 131.983896
5095 38.634193 296 1677 986.000000 131.877997
5101 38.691830 297 1676 986.000000 131.836618
5108 38.746622 298 1675 986.000000 131.830847
5113 38.764169 300 1674 987.000000 131.900158
5124 38.928179 301 1673 987.000000 131.627015
5127 38.958467 302 1672 987.000000 131.601688
5130 38.958967 304 1671 987.000000 131.677003
5133 38.999270 299 1670 984.000000 131.617848
5135 38.998629 303 1669 986.000000 131.671295
5142 39.061619 305 1668 986.000000 131.638169
5153 39.164573 308 1667 987.000000 131.572991
5155 39.176889 309 1666 987.000000 131.582679
5157 39.205402 307 1665 986.000000 131.537996
5162 39.253144 306 1664 985.000000 131.505390
5181 39.452341 311 1663 987.000000 131.323006
5185 39.578258 312 1662 987.000000 131.006271
5186 39.577209 313 1661 987.000000 131.035011
5199 39.701671 317 1660 988.000000 130.951667
5201 39.709543 318 1659 988.000000 130.976073
5204 39.721233 319 1658 988.000000 131.013053
5213 39.811653 314 1657 985.000000 130.941561
5214 39.809521 316 1656 986.000000 130.973693
5217 39.822831 315 1655 985.000000 131.005252
5246 40.214612 323 1654 988.000000 130.450096
5252 40.266450 321 1653 987.000000 130.431165
5256 40.293928 310 1652 981.000000 130.441490
5257 40.291257 322 1651 986.000000 130.474956
5280 40.654673 320 1650 985.000000 129.874369
5285 40.677819 324 1649 986.000000 129.923387
5299 40.878328 325 1648 986.000000 129.628590
5428 43.105534 326 1647 986.000000 125.923507
5431 43.130928 327 1646 986.000000 125.918923
5501 44.143400 329 1645 987.000000 124.616590
5520 44.423071 328 1644 986.000000 124.259757
5524 44.453724 330 1643 986.000000 124.264055
5569 45.144781 333 1642 987.000000 123.358667
5588 45.373682 331 1641 986.000000 123.155092
5593 45.409967 332 1640 986.000000 123.166793
5603 45.506790 334 1639 986.000000 123.124483
5606 45.535035 337 1638 987.000000 123.113993
5610 45.566024 336 1637 986.000000 123.118050
5629 45.808433 340 1636 988.000000 122.881304
5633 45.835543 338 1635 986.000000 122.895893
5635 45.848296 335 1634 984.000000 122.905331
5634 45.818106 346 1633 989.000000 122.964489
5637 45.837950 339 1632 985.000000 122.976704
5645 45.962190 341 1631 986.000000 122.818343
5646 45.959698 342 1630 986.000000 122.846760
5645 45.951014 345 1629 987.000000 122.848214
5648 45.961216 343 1628 985.000000 122.886218
5655 46.066880 344 1627 985.000000 122.756306
5662 46.172336 348 1626 987.000000 122.627540
5663 46.175445 347 1625 986.000000 122.640940
5664 46.165807 350 1624 987.000000 122.688205
5666 46.193001 349 1623 986.000000 122.659275
5667 46.231001 352 1622 987.000000 122.580084
5663 46.222700 353 1621 987.000000 122.515561
5673 46.235369 351 1620 985.000000 122.698275
5670 46.303336 355 1619 987.000000 122.453380
5672 46.335511 354 1618 986.000000 122.411513
5678 46.344195 353 1617 985.000000 122.518041
5677 46.366975 356 1616 986.000000 122.436281
5681 46.433141 357 1615 986.000000 122.347958
5687 46.528076 358 1614 986.000000 122.227276
5690 46.559774 359 1613 986.000000 122.208497
5689 46.549923 361 1612 986.000000 122.212877
5693 46.563453 360 1611 985.000000 122.263269
5694 46.584028 366 1610 988.000000 122.230735
5696 46.602714 362 1609 985.000000 122.224641
5701 46.672515 364 1608 986.000000 122.148978
5702 46.662743 367 1607 987.000000 122.195988
5707 46.681057 367 1606 986.000000 122.255158
5710 46.705888 365 1605 985.000000 122.254393
5714 46.800071 363 1604 983.000000 122.093832
5708 46.790882 367 1603 985.000000 121.989579
5711 46.809168 366 1602 984.000000 122.006014
5712 46.808501 368 1601 984.000000 122.029116
5712 46.830030 371 1600 985.000000 121.973016
5716 46.883498 370 1599 984.000000 121.919231
5717 46.888935 369 1598 983.000000 121.926420
5718 46.896437 372 1597 984.000000 121.928239
5723 46.915160 373 1596 984.000000 121.986155
5725 46.961218 375 1595 985.000000 121.909104
5726 46.966632 374 1594 984.000000 121.916343
5731 47.007653 376 1593 984.000000 121.916319
5729 47.016953 377 1592 984.000000 121.849666
5739 47.059903 376 1591 983.000000 121.950953
5740 47.054378 377 1590 983.000000 121.986524
5731 47.100684 381 1589 985.000000 121.675515
5740 47.120222 378 1588 983.000000 121.816064
5735 47.107194 380 1587 983.000000 121.743613
5744 47.167374 379 1586 982.000000 121.779092
5750 47.338070 383 1585 984.000000 121.466718
5749 47.331539 384 1584 984.000000 121.462351
5753 47.345973 382 1583 982.000000 121.509806
5749 47.317044 386 1582 984.000000 121.499559
5748 47.342899 388 1581 984.000000 121.412083
5757 47.388666 385 1580 982.000000 121.484745
5756 47.394966 386 1579 982.000000 121.447497
5756 47.371623 389 1578 983.000000 121.507342
5758 47.388240 387 1577 982.000000 121.506939
5763 47.505346 391 1576 983.000000 121.312662
5762 47.533663 393 1575 984.000000 121.219356
5770 47.578399 390 1574 982.000000 121.273522
5767 47.561447 391 1573 982.000000 121.253670
5769 47.603514 392 1572 982.000000 121.188532
5769 47.632936 393 1571 982.000000 121.113676
5782 47.904653 395 1570 982.000000 120.698088
5786 47.951135 394 1569 981.000000 120.664506
5787 48.075162 395 1568 981.000000 120.374009
5800 48.127180 396 1567 981.000000 120.514021
5799 48.127900 396 1566 981.000000 120.491441
5804 48.187265 399 1565 982.000000 120.446761
5806 48.204741 397 1564 980.000000 120.444584
5807 48.212257 398 1563 980.000000 120.446550
5822 48.481843 400 1562 981.000000 120.086194
5825 48.523744 401 1561 981.000000 120.044323
5826 48.514067 402 1560 981.000000 120.088881
5822 48.513469 403 1559 981.000000 120.007910
5825 48.528520 405 1558 981.000000 120.032509
5831 48.561746 404 1557 980.000000 120.073936
5827 48.576870 406 1556 981.000000 119.954209
5827 48.596790 407 1555 981.000000 119.905039
5833 48.623782 405 1554 979.000000 119.961874
5833 48.619487 406 1553 979.000000 119.972471
5833 48.716886 408 1552 980.000000 119.732612
5845 48.780458 407 1551 979.000000 119.822573
5852 48.898481 409 1550 979.000000 119.676519
5863 49.023249 411 1549 980.000000 119.596316
5866 49.034048 410 1548 979.000000 119.631159
5864 49.028975 412 1547 979.000000 119.602745
5866 49.022328 413 1546 979.000000 119.659760
5881 49.104564 415 1545 980.000000 119.764835
5881 49.158369 416 1544 980.000000 119.633749
5897 49.301637 414 1543 978.000000 119.610633
5907 49.532298 417 1542 979.000000 119.255521
5918 49.685752 418 1541 979.000000 119.108593
5933 49.799190 419 1540 979.000000 119.138484
6058 51.913478 420 1539 979.000000 116.694166
6097 52.398991 421 1538 979.000000 116.357202
6287 55.551237 423 1537 980.000000 113.174798
6298 55.641524 422 1536 979.000000 113.188848
6292 55.621829 424 1535 979.000000 113.121055
6295 55.622536 425 1534 979.000000 113.173553
6312 55.880294 427 1533 980.000000 112.955741
6316 55.986429 428 1532 980.000000 112.813053
6333 56.132799 426 1531 978.000000 112.821739
6525 59.531578 426 1530 978.000000 109.605695
6544 59.845195 428 1529 978.000000 109.348796
6549 59.864736 429 1528 978.000000 109.396624
6554 59.884485 430 1527 978.000000 109.444040
6561 59.936353 427 1526 976.000000 109.466120
6596 60.426920 431 1525 978.000000 109.156647
6609 60.549548 431 1524 977.000000 109.150278
6647 60.843055 432 1523 977.000000 109.248295
6682 61.273360 433 1522 977.000000 109.052286
6920 64.844032 433 1521 977.000000 106.717608
6925 64.861620 435 1520 977.000000 106.765758
6926 64.871623 434 1519 976.000000 106.764710
6925 64.852754 436 1518 977.000000 106.780354
6927 64.883095 438 1517 977.000000 106.761245
6928 64.893068 437 1516 976.000000 106.760247
6929 64.894151 439 1515 977.000000 106.773876
6930 64.876889 442 1514 978.000000 106.817699
6932 64.894843 441 1513 977.000000 106.818966
6940 64.918316 440 1512 976.000000 106.903574
6949 65.142186 437 1511 974.000000 106.674345
6938 65.125353 443 1510 976.000000 106.533012
6942 65.174182 443 1509 976.000000 106.514570
6943 65.143233 446 1508 977.000000 106.580525
6944 65.190449 444 1507 975.000000 106.518671
6938 65.160841 446 1506 976.000000 106.474992
6947 65.187536 445 1505 975.000000 106.569452
6934 65.147513 447 1504 975.000000 106.435375
6937 65.168026 448 1503 975.000000 106.447907
6935 65.150024 450 1502 976.000000 106.446622
6950 65.193280 447 1501 974.000000 106.606080
6936 65.144289 451 1500 975.000000 106.471344
6943 65.180639 449 1499 974.000000 106.519361
6940 65.178237 452 1498 975.000000 106.477259
6940 65.207511 453 1497 975.000000 106.429457
6938 65.198381 454 1496 975.000000 106.413685
6934 65.205734 456 1495 975.000000 106.340341
6949 65.252083 455 1494 974.000000 106.494685
6938 65.210797 458 1493 975.000000 106.393424
6940 65.222217 457 1492 974.000000 106.405460
6947 65.249554 455 1491 973.000000 106.468161
6941 65.232803 459 1490 974.000000 106.403522
6939 65.224556 460 1489 974.000000 106.386313
6940 65.234602 459 1488 973.000000 106.385259
6940 65.201672 462 1487 974.000000 106.438988
6941 65.190295 463 1486 974.000000 106.472904
6945 65.236167 461 1485 973.000000 106.459351
6945 65.215867 464 1484 974.000000 106.492489
6944 65.227409 465 1483 974.000000 106.458314
6951 65.261330 464 1482 973.000000 106.510241
6950 65.229248 467 1481 974.000000 106.547296
6952 65.250677 466 1480 973.000000 106.542956
6953 65.228644 468 1479 973.000000 106.594275
6948 65.200485 470 1478 974.000000 106.563624
6959 65.224318 470 1477 973.000000 106.693335
6943 65.192410 470 1476 973.000000 106.500128
6962 65.242010 469 1475 972.000000 106.710385
6944 65.186413 471 1474 972.000000 106.525266
6948 65.227010 469 1473 971.000000 106.520290
6949 65.211283 472 1472 972.000000 106.561314
6954 65.218899 474 1471 972.000000 106.625535
6951 65.214562 475 1470 972.000000 106.586624
6952 65.204502 476 1469 972.000000 106.618405
6945 65.183592 476 1468 972.000000 106.545218
6962 65.287637 473 1467 970.000000 106.635809
6950 65.241590 477 1466 971.000000 106.527140
6951 65.231610 478 1465 971.000000 106.558768
6952 65.259666 479 1464 971.000000 106.528280
6956 65.266728 480 1463 971.000000 106.578041
6955 65.245611 482 1462 972.000000 106.597209
6951 65.229208 483 1461 972.000000 106.562692
6959 65.259885 481 1460 970.000000 106.635186
6954 65.243040 484 1459 971.000000 106.586082
6957 65.251043 485 1458 971.000000 106.618985
6956 65.222403 488 1457 972.000000 106.650471
6961 65.267691 486 1456 971.000000 106.653076
6956 65.237975 488 1455 971.000000 106.625014
6960 65.278802 489 1454 971.000000 106.619604
6962 65.272523 491 1453 972.000000 106.660501
6962 65.262373 493 1452 972.000000 106.677089
6977 65.376639 483 1451 967.000000 106.720078
6962 65.245966 495 1450 972.000000 106.703915
6968 65.297909 490 1449 969.000000 106.710921
6993 65.471865 475 1448 961.000000 106.809238
6978 65.345233 487 1447 967.000000 106.786673
6971 65.282244 494 1446 970.000000 106.782481
6972 65.272672 496 1445 970.000000 106.813461
6967 65.264137 496 1444 970.000000 106.750818
6968 65.255954 497 1442 969.000000 106.779529
6967 65.247672 498 1443 970.000000 106.777756
6978 65.307685 492 1441 966.000000 106.848068
6967 65.300164 504 1440 972.000000 106.691922
6968 65.284533 506 1439 972.000000 106.732785
6976 65.324616 501 1438 969.000000 106.789759
6980 65.350532 499 1437 968.000000 106.808618
6969 65.290422 506 1436 971.000000 106.738474
6970 65.281283 507 1435 971.000000 106.768735
6986 65.422851 502 1433 967.000000 106.782262
6981 65.375453 507 1430 968.000000 106.783199
6988 65.418000 503 1432 967.000000 106.820753
6997 65.453243 500 1431 965.000000 106.900738
6981 65.388100 505 1434 969.000000 106.762545
6982 65.503761 508 1429 968.000000 106.589300
6981 65.494753 509 1428 968.000000 106.588691
6981 65.478930 515 1424 969.000000 106.614448
6995 65.538108 507 1426 966.000000 106.731796
6982 65.487488 510 1427 968.000000 106.615786
6980 65.465480 513 1425 969.000000 106.621077
6984 65.521728 512 1423 967.000000 106.590595
6984 65.507479 514 1422 968.000000 106.613781
6978 65.487319 515 1421 968.000000 106.554981
6982 65.514572 517 1420 968.000000 106.571710
6982 65.501337 519 1419 969.000000 106.593244
6983 65.496372 520 1418 969.000000 106.616592
6986 65.515218 518 1417 967.000000 106.631714
6984 65.489041 522 1416 969.000000 106.643797
6989 65.528564 516 1415 965.000000 106.655778
6988 65.495848 521 1414 967.000000 106.693786
6988 65.484989 526 1413 969.000000 106.711479
6991 65.502752 523 1412 967.000000 106.728340
7007 65.597071 511 1411 961.000000 106.818794
6993 65.497254 524 1410 967.000000 106.767835
6993 65.492882 525 1409 967.000000 106.774962
6991 65.481351 527 1408 967.000000 106.763222
6994 65.548504 528 1407 967.000000 106.699613
6995 65.537427 530 1406 968.000000 106.732905
6995 65.531440 531 1405 968.000000 106.742657
6998 65.544132 529 1404 966.000000 106.767758
6994 65.519929 533 1403 968.000000 106.746147
6996 65.509647 535 1402 968.000000 106.793432
6999 65.537667 534 1401 967.000000 106.793548
6999 65.541161 535 1400 967.000000 106.787855
7000 65.536245 536 1399 967.000000 106.811124
7005 65.559166 538 1398 968.000000 106.850047
7023 65.708286 514 1397 955.000000 106.881497
7003 65.553957 541 1394 967.000000 106.828029
7010 65.575238 537 1395 966.000000 106.900108
7008 65.570839 539 1393 966.000000 106.876778
7006 65.559218 538 1396 967.000000 106.865216
7005 65.577175 542 1392 967.000000 106.820704
7008 65.586198 540 1390 965.000000 106.851750
7005 65.558013 546 1391 968.000000 106.851927
7008 65.568370 544 1389 966.000000 106.880802
7008 65.563227 545 1388 966.000000 106.889187
7009 65.554064 547 1387 967.000000 106.919382
7010 65.549626 548 1386 967.000000 106.941876
7011 65.544838 549 1385 967.000000 106.964945
7011 65.535449 551 1384 967.000000 106.980270
7013 65.540138 550 1383 966.000000 107.003131
7014 65.568156 554 1382 968.000000 106.972659
7018 65.583073 553 1381 967.000000 107.009319
7016 65.570135 559 1380 969.000000 106.999932
7018 65.573904 558 1379 968.000000 107.024282
7021 65.585943 555 1378 966.000000 107.050378
7022 65.581695 557 1377 967.000000 107.072560
7045 65.705734 532 1376 954.000000 107.220475
7029 65.614312 556 1375 965.000000 107.126018
7026 65.594362 562 1374 968.000000 107.112864
7027 65.590241 565 1373 969.000000 107.134840
7029 65.626955 563 1372 967.000000 107.105381
7030 65.614992 567 1370 968.000000 107.140149
7029 65.618099 566 1371 968.000000 107.119836
7028 65.612857 568 1369 968.000000 107.113153
7033 65.625319 564 1368 966.000000 107.169003
7030 65.611002 569 1367 968.000000 107.146664
7032 65.626724 570 1366 968.000000 107.151471
7038 65.653641 561 1365 963.000000 107.198929
7034 65.624580 571 1364 967.000000 107.185448
7048 65.702307 552 1363 957.000000 107.271728
7044 65.673519 560 1362 961.000000 107.257843
7039 65.632632 575 1361 968.000000 107.248480
7040 65.631843 576 1360 968.000000 107.265005
7042 65.641756 572 1359 965.000000 107.279275
7055 65.747436 543 1358 950.000000 107.304565
7045 65.634127 579 1357 968.000000 107.337453
7046 65.632339 580 1356 968.000000 107.355613
7047 65.641698 582 1355 968.000000 107.355541
7049 65.643765 581 1354 967.000000 107.382628
7049 65.640716 583 1353 968.000000 107.387616
7048 65.640585 584 1352 968.000000 107.372596
7048 65.637216 585 1351 968.000000 107.378107
7049 65.637059 586 1350 968.000000 107.393599
7050 65.633837 587 1349 968.000000 107.414107
7051 65.632255 588 1348 968.000000 107.431933
7057 65.658370 577 1347 962.000000 107.480585
7054 65.629980 591 1346 968.000000 107.481368
7055 65.641979 593 1345 969.000000 107.476955
7056 65.640929 594 1344 969.000000 107.493908
7059 65.650595 596 1343 969.000000 107.523778
7060 65.683871 598 1342 970.000000 107.484530
7061 65.684775 597 1341 969.000000 107.498275
7062 65.683376 599 1340 969.000000 107.515789
7063 65.682721 600 1339 969.000000 107.532086
7064 65.683065 601 1338 969.000000 107.546747
7065 65.688146 595 1337 966.000000 107.553652
7065 65.682632 602 1336 969.000000 107.562681
7074 65.730142 574 1335 954.000000 107.621858
7069 65.697009 589 1334 961.000000 107.600028
7070 65.696459 590 1333 961.000000 107.616150
7069 65.682428 607 1332 969.000000 107.623914
7070 65.682013 608 1331 969.000000 107.639819
7078 65.724521 578 1330 954.000000 107.691922
7072 65.681886 609 1329 969.000000 107.670477
7073 65.681513 610 1328 969.000000 107.686313
7074 65.681341 611 1327 969.000000 107.701821
7075 65.685568 603 1326 964.000000 107.710114
7076 65.681620 612 1325 968.000000 107.731813
7077 65.681016 614 1324 969.000000 107.748029
7078 65.681265 615 1323 969.000000 107.762845
7079 65.681004 616 1322 969.000000 107.778499
7080 65.681119 617 1321 969.000000 107.793535
7081 65.680909 618 1320 969.000000 107.809105
7082 65.681279 619 1319 969.000000 107.823722
7083 65.681120 620 1318 969.000000 107.839209
7084 65.681831 621 1317 969.000000 107.853266
7085 65.681735 622 1316 969.000000 107.868649
7086 65.682470 623 1315 969.000000 107.882666
7087 65.682389 624 1314 969.000000 107.898024
7096 65.740645 573 1313 943.000000 107.939312
7089 65.683145 626 1312 969.000000 107.927232
7090 65.683596 628 1311 969.000000 107.941715
7091 65.683586 629 1310 969.000000 107.956956
7092 65.683875 630 1309 969.000000 107.971705
7093 65.683850 631 1308 969.000000 107.986971
7094 65.684693 632 1307 969.000000 108.000809
7095 65.684676 633 1306 969.000000 108.016061
7096 65.685649 634 1305 969.000000 108.029685
7097 65.685628 635 1304 969.000000 108.044944
7098 65.686270 636 1303 969.000000 108.059112
7099 65.686098 639 1302 970.000000 108.074619
7100 65.686741 638 1301 969.000000 108.088785
7101 65.686825 637 1300 968.000000 108.103870
7103 65.686898 640 1299 969.000000 108.134197
7104 65.687211 641 1298 969.000000 108.148906
7105 65.687111 642 1297 969.000000 108.164294
7106 65.687026 643 1296 969.000000 108.179658
7107 65.688100 644 1295 969.000000 108.193113
7108 65.687832 646 1294 970.000000 108.208778
7110 65.688001 645 1292 968.000000 108.238946
7109 65.687673 647 1293 970.000000 108.224263
7111 65.689332 627 1291 959.000000 108.251976
7112 65.687298 649 1290 969.000000 108.270552
7113 65.687104 650 1289 969.000000 108.286095
7115 65.686249 653 1287 970.000000 108.317953
7117 65.689657 625 1286 955.000000 108.342779
7114 65.686851 651 1288 969.000000 108.301736
7118 65.692371 613 1285 949.000000 108.353526
7120 65.687010 652 1283 967.000000 108.392816
7121 65.695878 605 1282 943.000000 108.393406
7120 65.686348 654 1283 968.000000 108.393909
7122 65.686003 655 1281 968.000000 108.424926
7123 65.696925 604 1280 942.000000 108.422122
7124 65.685972 656 1279 967.000000 108.455425
7126 65.701904 658 1278 968.000000 108.459566
7127 65.701455 659 1277 968.000000 108.475528
7128 65.701332 660 1276 968.000000 108.490951
7129 65.701105 662 1275 968.000000 108.506546
7130 65.701957 661 1274 967.000000 108.520360
7131 65.701325 663 1273 968.000000 108.536624
7132 65.701420 664 1272 968.000000 108.551687
7133 65.702186 665 1271 968.000000 108.565642
7134 65.699997 668 1270 969.000000 108.584480
7136 65.701183 667 1269 968.000000 108.612961
7136 65.699474 669 1268 968.000000 108.615786
7139 65.731441 592 1267 929.000000 108.608603
7139 65.703853 666 1266 966.000000 108.654206
7139 65.700545 671 1265 968.000000 108.659677
7140 65.700648 672 1264 968.000000 108.674727
7143 65.722147 670 1263 966.000000 108.684824
7143 65.719406 673 1262 967.000000 108.689357
7146 65.718831 674 1261 967.000000 108.735957
7147 65.718318 675 1260 967.000000 108.752023
7147 65.718806 676 1259 967.000000 108.751215
7151 65.744967 606 1258 932.000000 108.768782
7152 65.734947 657 1257 957.000000 108.800575
7150 65.718469 678 1256 967.000000 108.797422
7151 65.721063 677 1255 966.000000 108.808344
7152 65.719403 679 1254 966.000000 108.826308
7156 65.739104 681 1253 967.000000 108.854541
7158 65.765115 682 1252 967.000000 108.841899
7160 65.767749 683 1251 967.000000 108.867950
7161 65.766138 684 1250 967.000000 108.885822
7161 65.764725 685 1249 967.000000 108.888162
7162 65.763077 687 1248 967.000000 108.906096
7164 65.772550 686 1247 966.000000 108.920819
7165 65.769223 688 1246 967.000000 108.941533
7165 65.763268 691 1245 968.000000 108.951398
7167 65.768066 689 1243 966.000000 108.973860
7166 65.766161 690 1244 967.000000 108.961811
7167 65.762142 692 1242 967.000000 108.983676
7168 65.760069 693 1241 967.000000 109.002319
7172 65.777287 694 1240 967.000000 109.034597
7173 65.767963 698 1239 968.000000 109.065260
7174 65.770512 697 1238 967.000000 109.076238
7182 65.826443 648 1237 942.000000 109.105090
7176 65.773740 696 1236 966.000000 109.101292
7177 65.767078 699 1235 967.000000 109.127549
7180 65.778498 702 1234 968.000000 109.154210
7181 65.775946 703 1233 968.000000 109.173648
7182 65.773534 704 1232 968.000000 109.192856
7185 65.779955 706 1231 968.000000 109.227804
7186 65.783015 705 1230 967.000000 109.237924
7187 65.777639 707 1229 968.000000 109.262055
7190 65.795406 711 1228 969.000000 109.278146
7191 65.792083 712 1227 969.000000 109.298865
7192 65.799249 710 1226 968.000000 109.302159
7193 65.803386 709 1225 967.000000 109.310484
7196 65.845861 701 1224 962.000000 109.285533
7197 65.848766 700 1223 961.000000 109.295898
7197 65.809715 713 1222 967.000000 109.360753
7199 65.862140 695 1221 958.000000 109.304071
7199 65.827774 708 1220 964.000000 109.361134
7205 65.891295 680 1219 949.000000 109.346766
7202 65.867241 714 1218 966.000000 109.341152
7204 65.877322 715 1217 966.000000 109.354779
7209 65.908223 719 1216 967.000000 109.379371
7213 65.939329 718 1215 966.000000 109.388435
7215 65.953121 716 1214 965.000000 109.395884
7216 65.949509 717 1213 965.000000 109.417039
7216 65.937972 720 1212 966.000000 109.436183
7217 65.972201 721 1211 966.000000 109.394562
7241 66.236292 714 1210 962.000000 109.320733
7238 66.222971 724 1209 966.000000 109.297422
7242 66.243298 726 1208 967.000000 109.324267
7244 66.253015 725 1207 966.000000 109.338420
7244 66.244880 727 1206 966.000000 109.351847
7247 66.262700 723 1205 964.000000 109.367714
7268 66.454540 722 1204 963.000000 109.367998
7312 66.855179 730 1203 966.000000 109.370734
7315 66.879938 728 1202 965.000000 109.375101
7317 66.850727 737 1201 969.000000 109.452811
7320 66.868789 734 1200 967.000000 109.468111
7320 66.847558 738 1199 968.000000 109.502878
7327 66.930646 729 1198 963.000000 109.471527
7329 66.928059 733 1197 965.000000 109.505641
7330 66.938101 731 1196 963.000000 109.504152
7330 66.913119 736 1195 965.000000 109.545036
7334 66.944499 732 1194 963.000000 109.553438
7357 67.216104 741 1193 967.000000 109.452937
7358 67.227494 739 1192 965.000000 109.449268
7360 67.222909 742 1191 966.000000 109.486485
7366 67.226428 745 1188 966.000000 109.570004
7364 67.263452 735 1190 962.000000 109.479959
7365 67.235489 743 1189 966.000000 109.540365
7367 67.422788 746 1187 966.000000 109.265728
7367 67.416780 747 1186 966.000000 109.275465
7372 67.438362 748 1185 966.000000 109.314636
7371 67.431574 749 1184 966.000000 109.310810
7377 67.468600 744 1183 963.000000 109.339752
7377 67.438007 749 1182 965.000000 109.389354
7385 67.518851 740 1181 960.000000 109.376861
7378 67.437226 753 1180 966.000000 109.405449
7380 67.456070 751 1179 965.000000 109.404535
7385 67.484053 750 1178 964.000000 109.433261
7385 67.456043 754 1177 965.000000 109.478702
7386 67.469727 752 1176 964.000000 109.471319
7386 67.444250 756 1175 965.000000 109.512672
7389 67.465189 755 1174 964.000000 109.523150
7393 67.466585 758 1173 965.000000 109.580172
7396 67.482091 759 1172 965.000000 109.599449
7402 67.520352 757 1171 964.000000 109.626206
7404 67.520740 760 1170 965.000000 109.655196
7398 67.506745 763 1169 966.000000 109.589049
7400 67.514862 762 1168 965.000000 109.605497
7401 67.522335 761 1167 964.000000 109.608176
7403 67.530184 760 1166 963.000000 109.625053
7403 67.500873 764 1165 964.000000 109.672656
7404 67.496991 765 1164 964.000000 109.693779
7402 67.492194 766 1163 964.000000 109.671942
7402 67.475357 768 1162 965.000000 109.699308
7410 67.529805 769 1161 965.000000 109.729326
7415 67.557947 770 1160 965.000000 109.757628
7423 67.618292 767 1159 963.000000 109.777987
7419 67.566320 773 1158 965.000000 109.803227
7418 67.578890 774 1157 965.000000 109.768006
7423 67.608200 771 1156 963.000000 109.794374
7433 67.657282 772 1155 963.000000 109.862527
7425 67.579189 781 1154 967.000000 109.871102
7430 67.609760 778 1153 965.000000 109.895376
7433 67.620938 777 1152 964.000000 109.921575
7432 67.583750 782 1151 966.000000 109.967263
7434 67.603653 780 1150 965.000000 109.964472
7438 67.635765 779 1149 964.000000 109.971403
7441 67.703652 775 1148 961.000000 109.905445
7441 67.695423 776 1147 961.000000 109.918805
7439 67.636369 783 1146 964.000000 109.985206
7440 67.620634 785 1145 965.000000 110.025588
7442 67.620547 786 1144 965.000000 110.055306
7440 67.614808 788 1143 965.000000 110.035068
7442 67.600855 790 1142 966.000000 110.087365
7444 67.628238 787 1141 964.000000 110.072364
7444 67.591832 791 1140 965.000000 110.131650
7447 67.602650 792 1139 965.000000 110.158404
7449 67.708242 789 1138 963.000000 110.016148
7450 67.679043 794 1137 965.000000 110.078389
7453 67.686373 797 1136 966.000000 110.110790
7454 67.695974 796 1135 965.000000 110.109945
7463 67.810213 784 1134 959.000000 110.057168
7456 67.670582 799 1133 966.000000 110.180817
7453 67.652588 801 1132 966.000000 110.165778
7458 67.709035 795 1131 963.000000 110.147782
7460 67.727665 793 1130 961.000000 110.147013
7466 67.726904 800 1129 964.000000 110.236842
7465 67.715755 803 1128 965.000000 110.240224
7465 67.693657 806 1127 966.000000 110.276211
7471 67.725774 804 1126 965.000000 110.312508
7477 67.784514 798 1125 961.000000 110.305431
7470 67.697317 807 1124 965.000000 110.344107
7473 67.710971 808 1123 965.000000 110.366162
7476 67.695523 810 1122 966.000000 110.435664
7477 67.744514 805 1121 963.000000 110.370561
7481 67.776121 802 1120 961.000000 110.378108
7479 67.707097 809 1119 964.000000 110.461094
7480 67.696846 812 1118 965.000000 110.492592
7479 67.688930 813 1117 965.000000 110.490741
7483 67.700096 815 1116 965.000000 110.531601
7484 67.680002 819 1115 967.000000 110.579193
7486 67.700165 818 1114 966.000000 110.575801
7495 67.769679 811 1113 962.000000 110.595182
7492 67.741660 814 1112 963.000000 110.596640
7490 67.682277 820 1111 965.000000 110.664126
7496 67.734763 816 1110 963.000000 110.666955
7493 67.665047 823 1109 966.000000 110.736641
7498 67.968599 817 1107 962.000000 110.315647
7496 67.689907 821 1108 964.000000 110.740291
7495 67.899302 824 1106 965.000000 110.384051
7500 67.930112 826 1105 965.000000 110.407591
7506 67.970827 822 1104 963.000000 110.429729
7503 67.940810 825 1103 964.000000 110.434362
7501 67.910938 828 1102 965.000000 110.453488
7502 67.877942 831 1101 966.000000 110.521913
7503 67.891173 830 1100 965.000000 110.515103
7507 67.880093 833 1099 966.000000 110.592070
7509 67.906186 832 1098 965.000000 110.579027
7510 67.891972 834 1097 965.000000 110.616908
7514 67.955235 829 1096 962.000000 110.572791
7511 67.891990 835 1095 965.000000 110.631608
7514 67.881825 837 1094 965.000000 110.692369
7518 67.882970 838 1093 965.000000 110.749427
7517 67.887849 839 1092 965.000000 110.726737
7518 67.877876 840 1091 965.000000 110.757738
7531 68.024710 827 1090 958.000000 110.709770
7523 67.870527 842 1089 965.000000 110.843400
7528 67.938867 836 1088 962.000000 110.805498
7526 67.857542 845 1087 966.000000 110.908821
7527 67.897405 841 1086 963.000000 110.858434
7528 67.878813 843 1085 964.000000 110.903530
7529 67.869226 844 1084 964.000000 110.933930
7528 67.858474 848 1083 965.000000 110.936771
7529 67.868365 847 1082 964.000000 110.935338
7528 67.832207 852 1081 966.000000 110.979730
7534 67.891219 846 1080 963.000000 110.971641
7531 67.823609 853 1079 966.000000 111.038031
7536 67.870697 849 1078 963.000000 111.034663
7536 67.871601 851 1077 964.000000 111.033185
7537 67.832768 855 1076 965.000000 111.111491
7539 67.814233 857 1075 966.000000 111.171352
7538 67.805761 857 1074 965.000000 111.170495
7544 67.853488 856 1073 964.000000 111.180725
7548 67.911919 850 1072 961.000000 111.143966
7541 67.798408 861 1071 966.000000 111.226800
7545 67.803263 862 1070 966.000000 111.277830
7546 67.824563 860 1069 964.000000 111.257628
7548 67.857143 859 1068 963.000000 111.233684
7549 67.866706 858 1067 962.000000 111.232745
7549 67.807942 864 1066 965.000000 111.329142
7553 67.817422 863 1065 964.000000 111.372561
7560 67.919482 854 1064 959.000000 111.308269
7554 67.799307 866 1063 964.000000 111.417068
7554 67.790199 867 1062 964.000000 111.432038
7558 67.806693 868 1061 964.000000 111.463923
7559 67.797616 869 1060 964.000000 111.493596
7561 67.836221 865 1059 962.000000 111.459629
7563 67.795505 871 1058 964.000000 111.556069
7564 67.804711 870 1057 963.000000 111.555671
7564 67.806822 872 1056 964.000000 111.552198
7563 67.800633 874 1055 964.000000 111.547631
7566 67.798857 875 1054 964.000000 111.594802
7567 67.781410 877 1053 965.000000 111.638280
7569 67.824051 873 1052 962.000000 111.597581
7571 67.810075 878 1051 964.000000 111.650076
7572 67.801482 879 1050 964.000000 111.678975
7574 67.783902 884 1049 966.000000 111.737445
7575 67.800683 882 1048 965.000000 111.724538
7582 67.817667 886 1047 966.000000 111.799776
7583 67.841464 887 1046 966.000000 111.775300
7583 67.831470 888 1045 966.000000 111.791769
7585 67.831773 890 1044 967.000000 111.820754
7586 67.824051 891 1043 967.000000 111.848229
7584 67.816740 892 1042 967.000000 111.830796
7588 67.842139 889 1041 965.000000 111.847889
7589 67.860447 887 1040 963.000000 111.832449
7588 67.820200 893 1039 966.000000 111.884070
7588 67.805015 895 1038 966.000000 111.909126
7600 67.946551 881 1037 959.000000 111.852624
7605 67.989796 876 1036 956.000000 111.855020
7603 67.938246 883 1035 959.000000 111.910455
7606 67.965951 880 1034 957.000000 111.908976
7597 67.814641 898 1033 965.000000 112.025956
7598 67.808020 899 1032 965.000000 112.051642
7599 67.831689 896 1031 963.000000 112.027286
7609 67.927274 885 1030 957.000000 112.016861
7601 67.797326 901 1029 965.000000 112.113566
7604 67.842354 897 1028 962.000000 112.083375
7602 67.806165 902 1027 964.000000 112.113699
7610 67.846784 900 1026 963.000000 112.164491
7608 67.837559 903 1025 964.000000 112.150262
7609 67.823775 905 1024 964.000000 112.187798
7611 67.838375 904 1023 963.000000 112.193136
7617 67.913303 894 1022 958.000000 112.157702
7616 67.875086 907 1021 964.000000 112.206119
7615 67.875643 909 1020 964.000000 112.190466
7615 67.850166 913 1019 966.000000 112.232592
7619 67.882903 908 1018 963.000000 112.237392
7618 67.865044 912 1017 964.000000 112.252193
7620 67.871572 911 1016 963.000000 112.270864
7620 67.853505 914 1015 964.000000 112.300757
7622 67.879938 910 1014 962.000000 112.286490
7626 67.907512 906 1013 959.000000 112.299800
7629 67.920344 915 1012 963.000000 112.322753
7631 67.896643 919 1011 965.000000 112.391418
7627 67.883889 921 1010 965.000000 112.353610
7633 67.914426 916 1009 962.000000 112.391438
7628 67.878395 922 1008 965.000000 112.377436
7629 67.865917 924 1007 965.000000 112.412833
7635 67.891922 920 1006 963.000000 112.458151
7631 67.860333 925 1005 965.000000 112.451555
7632 67.855062 926 1004 965.000000 112.475028
7633 67.850606 927 1003 965.000000 112.497153
7636 67.905527 923 1002 962.000000 112.450346
7643 67.956955 930 1001 965.000000 112.468253
7658 68.117195 917 1000 958.000000 112.423889
7656 68.081188 928 999 963.000000 112.453972
7648 68.067876 932 998 965.000000 112.358435
7654 68.106128 929 996 962.000000 112.383426
7650 68.079372 933 997 965.000000 112.368839
7656 68.082661 936 995 965.000000 112.451539
7658 68.079291 937 994 965.000000 112.486483
7663 68.106727 938 993 965.000000 112.514583
7664 68.172650 940 992 966.000000 112.420450
7676 68.234991 929 991 960.000000 112.493603
7666 68.195161 935 990 962.000000 112.412668
7668 68.203080 934 989 961.000000 112.428940
7670 68.218798 931 988 959.000000 112.432353
7671 68.224724 930 987 958.000000 112.437245
7668 68.199849 941 986 963.000000 112.434267
7674 68.211985 939 985 962.000000 112.502224
7668 68.188348 943 984 963.000000 112.453230
7673 68.230974 941 983 962.000000 112.456258
7674 68.209808 947 982 964.000000 112.505814
7675 68.214061 946 981 963.000000 112.513460
7677 68.221289 944 980 962.000000 112.530855
7677 68.206157 949 979 964.000000 112.555821
7678 68.203914 950 978 964.000000 112.574185
7679 68.195152 953 977 965.000000 112.603312
7680 68.212448 948 976 962.000000 112.589421
7681 68.185292 957 975 966.000000 112.648927
7683 68.188829 956 974 965.000000 112.672414
7709 68.379427 918 973 945.000000 112.738587
7685 68.194764 955 972 963.000000 112.691936
7685 68.186908 958 971 964.000000 112.704920
7686 68.182920 960 970 965.000000 112.726178
7689 68.240978 942 969 955.000000 112.674235
7689 68.190335 959 968 963.000000 112.757915
7693 68.235956 951 967 959.000000 112.741148
7693 68.207340 961 966 963.000000 112.788448
7695 68.234008 952 965 958.000000 112.773677
7696 68.228872 954 964 959.000000 112.796823
7700 68.279369 945 963 954.000000 112.771985
7696 68.224283 964 962 963.000000 112.804410
7698 68.225368 967 961 964.000000 112.831931
7701 68.233874 963 960 961.000000 112.861832
7700 68.227597 966 959 962.000000 112.857558
7701 68.221008 970 958 964.000000 112.883117
7702 68.218658 972 957 964.000000 112.901664
7703 68.227079 968 956 962.000000 112.902386
7705 68.225563 969 955 962.000000 112.934209
7706 68.220188 973 954 963.000000 112.957766
7707 68.218544 974 953 963.000000 112.975146
7709 68.215708 976 952 964.000000 113.009162
7711 68.213951 978 950 964.000000 113.041392
7710 68.215283 977 951 964.000000 113.024526
7712 68.212631 979 949 964.000000 113.058240
7713 68.212348 980 948 964.000000 113.073369
7714 68.208917 983 947 965.000000 113.093718
7715 68.210008 982 946 964.000000 113.106569
7716 68.211191 981 945 963.000000 113.119268
7717 68.206829 985 944 964.000000 113.141164
7718 68.207855 984 943 963.000000 113.154123
7719 68.205932 986 942 964.000000 113.171975
7720 68.205067 988 941 964.000000 113.188071
7721 68.205954 987 940 963.000000 113.201261
7722 68.202449 991 939 965.000000 113.221741
7724 68.201530 993 937 965.000000 113.252591
7723 68.204934 989 938 963.000000 113.232277
7725 68.202357 992 936 964.000000 113.265880
7726 68.204828 990 935 962.000000 113.276438
7729 68.246830 962 934 948.000000 113.250681
7728 68.201106 995 933 964.000000 113.311945
7741 68.321125 941 931 936.000000 113.303169
7730 68.202385 994 931 962.000000 113.339145
7731 68.201220 996 930 963.000000 113.355743
7732 68.200370 999 929 964.000000 113.371819
7733 68.198835 1003 928 965.000000 113.389034
7734 68.223305 975 927 951.000000 113.363022
7735 68.201044 1000 926 963.000000 113.414686
7739 68.203734 997 923 960.000000 113.468861
7736 68.199547 1004 925 964.000000 113.431838
7737 68.200646 1001 924 962.000000 113.444673
7740 68.201735 1002 922 962.000000 113.486849
7741 68.200152 1007 921 964.000000 113.504146
7743 68.199902 1008 919 963.000000 113.533887
7742 68.199663 1009 920 964.000000 113.519623
7744 68.199470 1010 918 964.000000 113.549270
7745 68.203523 998 917 957.000000 113.557184
7747 68.198999 1013 915 964.000000 113.594043
7746 68.199304 1011 916 963.000000 113.578872
7748 68.198870 1014 914 964.000000 113.608920
7750 68.200773 1005 912 958.000000 113.635076
7749 68.200507 1006 913 959.000000 113.620856
7751 68.199174 1012 911 961.000000 113.652403
7752 68.198807 1015 910 962.000000 113.667678
7754 68.199112 1017 908 962.000000 113.696495
7754 68.198972 1019 908 963.000000 113.696728
7755 68.198841 1022 907 964.000000 113.711610
7756 68.199061 1018 906 962.000000 113.725906
7757 68.198780 1024 905 964.000000 113.741038
7758 68.198958 1020 904 962.000000 113.755404
7759 68.198829 1023 903 963.000000 113.770282
7760 68.198643 1028 902 965.000000 113.785255
7761 68.198692 1027 901 964.000000 113.799837
7763 68.233087 971 899 935.000000 113.771783
7762 68.198781 1025 900 962.000000 113.814351
7765 68.198635 1029 897 963.000000 113.858584
7764 68.198570 1030 898 964.000000 113.844029
7766 68.198534 1031 896 963.000000 113.873416
7768 68.198387 1033 894 963.000000 113.902987
7767 68.198469 1032 895 963.000000 113.888187
7769 68.198298 1034 893 963.000000 113.917799
7770 68.198733 1035 892 963.000000 113.931735
7775 68.233149 1036 891 963.000000 113.947548
7776 68.232907 1038 890 964.000000 113.962608
7777 68.233884 1037 889 963.000000 113.975631
7778 68.235142 1039 888 963.000000 113.988185
7779 68.238085 1026 887 956.000000 113.997924
7780 68.285154 965 886 925.000000 113.933989
7781 68.240774 1016 885 950.000000 114.022740
7783 68.241576 1021 884 952.000000 114.050707
7784 68.240244 1040 883 961.000000 114.067587
7808 68.454248 1042 882 962.000000 114.061585
7822 68.593822 1044 881 962.000000 114.033593
7821 68.592532 1048 880 964.000000 114.021159
7824 68.594190 1045 879 962.000000 114.062138
7825 68.596646 1043 878 960.000000 114.072633
7827 68.604603 1046 877 961.000000 114.088555
7829 68.606456 1041 876 958.000000 114.114625
7827 68.603790 1049 875 962.000000 114.089907
7829 68.606511 1047 874 960.000000 114.114534
7829 68.604395 1053 873 963.000000 114.118053
7832 68.647420 1052 872 962.000000 114.090231
7834 68.653656 1056 871 963.000000 114.109000
7835 68.654983 1054 870 962.000000 114.121360
7836 68.658002 1050 869 959.000000 114.130906
7837 68.658836 1051 868 959.000000 114.144085
7838 68.656385 1057 867 962.000000 114.162725
7839 68.656116 1059 866 962.000000 114.177738
7840 68.659196 1055 865 960.000000 114.187180
7867 68.920788 1058 864 961.000000 114.145532
7898 69.088562 1060 863 961.000000 114.317041
7902 69.100521 1061 862 961.000000 114.355144
7904 69.102081 1063 861 962.000000 114.381505
7907 69.113256 1062 860 961.000000 114.406417
7907 69.279659 1067 859 963.000000 114.131624
7909 69.278681 1068 857 962.000000 114.162104
7909 69.280909 1066 858 962.000000 114.158433
7910 69.276693 1070 856 963.000000 114.179815
7911 69.281966 1069 855 962.000000 114.185559
7913 69.289002 1072 854 963.000000 114.202828
7913 69.286231 1074 853 963.000000 114.207396
7915 69.290924 1071 852 961.000000 114.228524
7917 69.300774 1064 851 957.000000 114.241148
7917 69.290997 1073 850 961.000000 114.257268
7918 69.289632 1078 849 963.000000 114.273951
7920 69.306782 1076 848 962.000000 114.274531
7923 69.315830 1075 847 961.000000 114.302894
7924 69.305667 1081 846 963.000000 114.334085
7925 69.310394 1079 845 962.000000 114.340715
7927 69.309171 1080 844 962.000000 114.371589
7928 69.314713 1077 843 960.000000 114.376871
7928 69.303666 1083 842 962.000000 114.395103
7930 69.306000 1082 841 961.000000 114.420108
7932 69.303084 1084 839 961.000000 114.453781
7932 69.300953 1085 839 962.000000 114.457300
7936 69.332752 1065 838 951.000000 114.462498
7934 69.297367 1087 837 962.000000 114.492085
7940 69.339514 1096 836 966.000000 114.509023
7941 69.345176 1094 835 964.000000 114.514094
7943 69.346037 1095 834 964.000000 114.541513
7945 69.340828 1097 833 965.000000 114.578961
7947 69.387937 1098 831 964.000000 114.529994
7947 69.384881 1099 831 965.000000 114.535038
7948 69.409924 1090 830 960.000000 114.508121
7950 69.415832 1088 829 958.000000 114.527187
7950 69.413471 1089 828 958.000000 114.531083
7954 69.434251 1092 827 959.000000 114.554415
7955 69.431658 1093 826 959.000000 114.573096
7957 69.450255 1086 825 955.000000 114.571214
7957 69.440008 1091 824 957.000000 114.588120
7962 69.434830 1100 823 961.000000 114.668676
7966 69.455902 1101 822 961.000000 114.691477
7967 69.449275 1103 821 962.000000 114.716820
7968 69.446722 1104 820 962.000000 114.735437
7969 69.455353 1102 819 960.000000 114.735577
7967 69.438569 1107 818 962.000000 114.734507
7972 69.453863 1105 817 961.000000 114.781233
7976 69.463577 1106 816 961.000000 114.822765
7986 69.568016 1109 815 962.000000 114.794132
7987 69.556288 1112 814 963.000000 114.827864
7989 69.575526 1108 813 960.000000 114.824860
7991 69.570706 1111 812 961.000000 114.861563
7991 69.582664 1114 811 962.000000 114.841823
7993 69.602109 1113 810 961.000000 114.838474
7992 69.570369 1120 809 964.000000 114.876493
7995 69.594694 1115 808 961.000000 114.879448
7995 69.586947 1119 807 963.000000 114.892237
7996 69.572029 1122 806 964.000000 114.931246
7997 69.577200 1121 805 963.000000 114.937077
7999 69.597684 1117 804 960.000000 114.931985
7999 69.569753 1123 803 963.000000 114.978128
8004 69.645916 1110 802 956.000000 114.924183
8003 69.621095 1116 801 958.000000 114.950792
8005 69.592955 1125 800 962.000000 115.026011
8006 69.600309 1124 799 961.000000 115.028225
8011 69.619517 1126 798 962.000000 115.068308
8012 69.614350 1127 797 962.000000 115.091213
8016 69.630842 1128 796 962.000000 115.121400
8010 69.615678 1131 795 963.000000 115.060289
8021 69.693780 1118 794 956.000000 115.089180
8020 69.629132 1131 793 962.000000 115.181674
8010 69.613747 1132 792 962.000000 115.063480
8007 69.594173 1134 791 962.000000 115.052736
8024 69.645113 1129 790 959.000000 115.212678
8025 69.641094 1130 789 959.000000 115.233687
8012 69.606404 1133 788 960.000000 115.104352
8007 69.575696 1138 787 962.000000 115.083290
8008 69.583412 1137 786 961.000000 115.084900
8011 69.596331 1135 785 960.000000 115.106643
8011 69.571430 1139 784 961.000000 115.147842
8005 69.539769 1143 783 963.000000 115.113986
8010 69.564564 1140 782 961.000000 115.144831
8008 69.557285 1141 781 961.000000 115.128128
8009 69.549947 1142 780 961.000000 115.154653
8009 69.533294 1144 779 961.000000 115.182232
7995 69.481903 1151 778 964.000000 115.065933
8003 69.512232 1147 777 962.000000 115.130816
8005 69.519984 1146 776 961.000000 115.146747
8000 69.505996 1148 775 961.000000 115.097984
8001 69.499656 1149 774 961.000000 115.122872
8030 69.622329 1133 773 953.000000 115.336561
8000 69.476831 1152 772 962.000000 115.146300
7999 69.460664 1154 771 962.000000 115.158703
7997 69.452034 1155 770 962.000000 115.144216
7995 69.434686 1157 769 963.000000 115.144180
8000 69.444140 1156 767 961.000000 115.200505
7996 69.425361 1158 768 963.000000 115.174050
8006 69.469793 1153 766 959.000000 115.244334
8033 69.597481 1136 764 950.000000 115.420844
7997 69.408744 1160 765 962.000000 115.216031
7999 69.416602 1159 763 961.000000 115.231800
8047 69.642141 1130 761 945.000000 115.547855
8001 69.383977 1163 760 961.000000 115.314808
7996 69.375373 1162 758 960.000000 115.257038
8022 69.530203 1145 762 953.000000 115.374322
7994 69.367098 1163 759 961.000000 115.241955
7990 69.340248 1166 756 961.000000 115.228893
7989 69.329761 1167 757 962.000000 115.231899
8009 69.401601 1161 753 957.000000 115.400796
7985 69.285467 1170 754 962.000000 115.247834
7996 69.357389 1164 755 959.000000 115.286924
8012 69.393577 1162 750 956.000000 115.457372
7990 69.259601 1173 749 961.000000 115.363067
7989 69.268571 1172 751 961.000000 115.333692
7992 69.320997 1167 752 959.000000 115.289744
7984 69.240859 1174 748 961.000000 115.307639
7989 69.251066 1173 746 959.000000 115.362845
7985 69.223263 1176 745 960.000000 115.351396
7993 69.277981 1171 747 959.000000 115.375764
8033 69.495097 1150 743 946.000000 115.590888
7988 69.232364 1175 744 959.000000 115.379564
7978 69.183159 1179 742 960.000000 115.317082
7987 69.203445 1178 741 959.000000 115.413329
8002 69.298039 1169 740 954.000000 115.472243
7980 69.161732 1181 739 960.000000 115.381726
7981 69.173174 1180 738 959.000000 115.377097
7978 69.152804 1181 737 959.000000 115.367701
7995 69.214527 1177 734 955.000000 115.510433
7967 69.120890 1184 736 960.000000 115.261826
7971 69.131036 1183 735 959.000000 115.302771
7969 69.090038 1187 732 959.000000 115.342244
7967 69.079937 1188 731 959.000000 115.330157
7969 69.101157 1186 733 959.000000 115.323684
7968 69.068760 1189 729 959.000000 115.363299
7972 69.111317 1185 730 957.000000 115.350139
7962 69.039541 1192 727 959.000000 115.325216
7983 69.142378 1182 728 955.000000 115.457412
7963 69.008698 1195 725 960.000000 115.391251
7971 69.059123 1190 726 958.000000 115.422838
7964 69.019027 1194 724 959.000000 115.388471
7974 69.049380 1191 723 957.000000 115.482572
7960 68.976462 1198 722 960.000000 115.401686
7964 68.997702 1196 720 958.000000 115.424134
7960 68.966487 1199 719 959.000000 115.418377
7961 68.987317 1197 721 959.000000 115.398023
7959 68.934903 1202 716 959.000000 115.456752
7955 68.912656 1204 716 960.000000 115.435980
7960 68.923448 1203 715 959.000000 115.490450
7963 68.956747 1200 715 957.000000 115.478185
7945 68.889598 1205 714 959.000000 115.329458
7964 68.944907 1201 713 957.000000 115.512521
7946 68.868029 1207 712 959.000000 115.380099
7945 68.857748 1208 711 959.000000 115.382803
7955 68.900398 1205 710 957.000000 115.456517
7946 68.844413 1209 709 959.000000 115.419678
7950 68.879132 1206 708 957.000000 115.419573
7944 68.803145 1213 707 960.000000 115.459838
7945 68.793079 1214 706 960.000000 115.491269
7949 68.824751 1211 705 958.000000 115.496241
7943 68.783039 1214 704 959.000000 115.479050
7951 68.814786 1212 703 957.000000 115.542029
7954 68.835057 1210 702 956.000000 115.551586
7934 68.732554 1218 701 959.000000 115.432929
7991 69.030897 1193 699 946.000000 115.759759
7938 68.762879 1215 700 957.000000 115.440193
7948 68.773296 1215 698 956.000000 115.568112
7941 68.753187 1216 696 956.000000 115.500100
7928 68.691635 1221 696 958.000000 115.414344
7932 68.701644 1220 695 957.000000 115.455752
7939 68.711881 1220 694 957.000000 115.540426
7928 68.670201 1223 693 958.000000 115.450368
7941 68.722209 1219 692 955.000000 115.552165
7933 68.680372 1222 691 956.000000 115.506072
7926 68.650261 1225 688 956.000000 115.454769
7928 68.630248 1227 686 956.000000 115.517578
7925 68.620366 1228 685 956.000000 115.490494
7933 68.660331 1224 686 955.000000 115.539787
7921 68.610519 1229 685 957.000000 115.448770
7920 68.600206 1230 686 958.000000 115.451548
7951 68.743175 1217 684 950.000000 115.662391
7920 68.580674 1232 683 957.000000 115.484429
7915 68.540093 1236 679 957.000000 115.479855
7932 68.640486 1226 682 954.000000 115.558622
7924 68.590508 1231 681 956.000000 115.526189
7922 68.570375 1233 680 956.000000 115.530942
7924 68.559923 1234 678 956.000000 115.577726
7910 68.488712 1240 677 958.000000 115.493485
7915 68.520153 1237 675 956.000000 115.513461
7915 68.499834 1239 673 956.000000 115.547725
7913 68.509898 1238 676 957.000000 115.501559
7911 68.477891 1241 674 957.000000 115.526338
8080 69.354971 1165 671 918.000000 116.502103
7902 68.429600 1244 670 957.000000 115.476344
7907 68.456439 1242 669 955.000000 115.504109
7908 68.440569 1243 668 955.000000 115.545503
7925 68.550445 1235 671 953.000000 115.608294
7923 68.530432 1236 667 951.000000 115.612871
7911 68.466488 1241 666 953.000000 115.545579
7904 68.410050 1246 665 955.000000 115.538579
7908 68.388320 1248 661 954.000000 115.633781
7904 68.377642 1249 662 955.000000 115.593340
7906 68.399443 1247 663 955.000000 115.585737
7906 68.356530 1251 660 955.000000 115.658299
7906 68.419524 1245 664 954.000000 115.551812
7907 68.367867 1250 659 954.000000 115.653747
7907 68.347564 1252 658 955.000000 115.688103
7905 68.337443 1253 655 954.000000 115.675970
7901 68.327434 1254 657 955.000000 115.634373
7896 68.309403 1256 654 955.000000 115.591700
7895 68.300532 1257 655 956.000000 115.592072
7877 68.260783 1259 651 955.000000 115.395688
7876 68.250743 1260 652 956.000000 115.398011
7902 68.318430 1255 653 954.000000 115.664250
7878 68.214750 1263 649 956.000000 115.488219
7895 68.290196 1258 648 953.000000 115.609567
7877 68.224754 1262 650 956.000000 115.456627
7879 68.203941 1264 646 955.000000 115.521184
7882 68.240761 1261 646 953.000000 115.502815
7872 68.173326 1267 645 956.000000 115.470382
7882 68.193930 1265 643 954.000000 115.582135
8101 69.315005 1168 644 906.000000 116.872241
7873 68.132948 1271 642 956.000000 115.553491
7874 68.143419 1270 641 955.000000 115.550410
7876 68.153210 1269 640 954.000000 115.563155
7878 68.165018 1268 639 953.000000 115.572477
8086 69.197934 1178 638 908.000000 116.853200
7882 68.184299 1266 637 951.000000 115.598461
7866 68.103325 1273 636 954.000000 115.500969
7870 68.113663 1273 635 954.000000 115.542164
7867 68.093332 1274 634 954.000000 115.532605
7868 68.083974 1275 633 954.000000 115.563172
7868 68.073975 1276 632 954.000000 115.580146
7868 68.064867 1277 631 954.000000 115.595613
7865 68.057502 1277 630 953.000000 115.564042
7853 68.049786 1276 628 952.000000 115.400804
7843 68.027723 1279 627 953.000000 115.291232
7850 68.042506 1277 626 951.000000 115.369061
7885 68.123980 1272 625 948.000000 115.744852
7842 68.007181 1282 626 954.000000 115.311352
7844 68.000711 1283 624 953.000000 115.351735
7845 68.014329 1281 623 952.000000 115.343342
7838 67.993294 1284 622 953.000000 115.276074
7836 67.972561 1287 620 953.000000 115.281812
7836 67.944411 1291 618 954.000000 115.329574
7835 67.986722 1285 621 953.000000 115.243091
7839 67.980523 1286 617 951.000000 115.312440
7835 67.957497 1289 619 954.000000 115.292651
7830 67.938171 1292 616 954.000000 115.251852
7839 67.951145 1290 615 952.000000 115.362294
7822 67.925403 1294 613 953.000000 115.155739
7856 68.021474 1280 614 947.000000 115.492940
7843 67.964806 1288 612 950.000000 115.397961
7823 67.906336 1297 611 954.000000 115.202799
7825 67.900345 1298 609 953.000000 115.242419
7866 68.035460 1278 610 944.000000 115.616180
7823 67.893591 1298 608 953.000000 115.224425
7817 67.888260 1299 606 952.000000 115.145093
7741 67.853096 1305 604 954.000000 114.084699
7835 67.931589 1293 603 948.000000 115.336622
7806 67.876349 1301 606 953.000000 115.003239
7818 67.882842 1300 605 952.000000 115.169014
7743 67.859236 1304 602 953.000000 114.103849
7735 67.837812 1308 600 954.000000 114.021956
7744 67.865423 1303 601 952.000000 114.108181
7747 67.870660 1302 598 950.000000 114.143578
7740 67.847535 1306 599 952.000000 114.079310
7738 67.832111 1309 597 953.000000 114.075766
7838 67.912602 1296 596 946.000000 115.413042
7740 67.827593 1310 595 952.000000 114.112851
7733 67.822127 1311 592 951.000000 114.018836
7741 67.842692 1307 594 950.000000 114.102194
7732 67.816700 1312 593 952.000000 114.013215
7734 67.806469 1314 591 952.000000 114.059914
7735 67.811927 1313 590 951.000000 114.065480
7727 67.779158 1320 588 954.000000 114.002596
7731 67.802813 1315 589 952.000000 114.021818
7728 67.787988 1318 587 952.000000 114.002498
7712 67.774649 1321 586 953.000000 113.788859
7730 67.783264 1319 585 952.000000 114.039949
7710 67.766772 1323 581 952.000000 113.772573
7708 67.763285 1324 583 953.000000 113.748913
7714 67.771046 1322 584 953.000000 113.824420
7707 67.755065 1326 582 954.000000 113.747954
7709 67.759376 1325 580 952.000000 113.770233
7702 67.751335 1327 579 953.000000 113.680417
7737 67.798133 1316 578 947.000000 114.118187
7963 68.275126 1260 577 918.000000 116.631055
7739 67.793204 1317 576 946.000000 114.155985
7965 68.283762 1259 575 917.000000 116.645594
7707 67.740703 1330 574 952.000000 113.772070
7708 67.734146 1332 573 952.000000 113.797847
7709 67.737102 1331 572 951.000000 113.807644
7710 67.722142 1336 571 953.000000 113.847551
7711 67.744474 1329 570 949.000000 113.824782
7712 67.724806 1335 569 952.000000 113.872604
7713 67.747567 1328 568 948.000000 113.849107
7712 67.713099 1339 565 952.000000 113.892291
7715 67.730774 1333 566 949.000000 113.906863
7714 67.727973 1334 567 950.000000 113.896809
7709 67.705352 1342 564 953.000000 113.861014
7710 67.708054 1341 563 952.000000 113.871239
7711 67.710842 1340 562 951.000000 113.881319
7712 67.698008 1345 558 951.000000 113.917680
7713 67.702782 1343 560 951.000000 113.924417
7711 67.700430 1344 559 951.000000 113.898833
7720 67.719229 1337 561 949.000000 114.000117
7713 67.691327 1348 557 952.000000 113.943696
7715 67.693563 1347 555 951.000000 113.969477
7716 67.689195 1349 554 951.000000 113.991605
7714 67.695862 1346 556 951.000000 113.950835
7717 67.687149 1350 553 951.000000 114.009825
7718 67.685160 1351 552 951.000000 114.027949
7720 67.681374 1353 550 951.000000 114.063878
7721 67.679588 1354 549 951.000000 114.081664
7722 67.677862 1355 548 951.000000 114.099349
7719 67.683231 1352 551 951.000000 114.045974
7724 67.674889 1357 546 951.000000 114.133915
7723 67.676482 1356 547 951.000000 114.116452
7726 67.671898 1359 544 951.000000 114.168513
7725 67.673361 1358 545 951.000000 114.151268
7727 67.669231 1361 543 952.000000 114.187791
7728 67.670601 1360 542 951.000000 114.200257
7729 67.667974 1362 541 951.000000 114.219468
7730 67.666756 1363 540 951.000000 114.236302
7722 67.665585 1364 539 951.000000 114.120051
7723 67.664476 1365 538 951.000000 114.136700
7724 67.661638 1368 537 952.000000 114.156267
7725 67.657596 1373 536 954.000000 114.177867
7726 67.660763 1369 535 952.000000 114.187302
7728 67.659113 1371 533 952.000000 114.219647
7727 67.662642 1367 534 950.000000 114.198911
7729 67.656980 1374 532 953.000000 114.238028
7730 67.656363 1375 531 953.000000 114.253851
7731 67.663516 1366 530 948.000000 114.256551
7732 67.655243 1377 529 953.000000 114.285304
7907 67.920672 1295 528 911.000000 116.415220
7734 67.655814 1376 527 951.000000 114.313901
7735 67.654301 1379 526 952.000000 114.331238
7752 67.717071 1338 525 931.000000 114.476304
7737 67.653484 1381 524 952.000000 114.362181
7738 67.653131 1382 523 952.000000 114.377559
7739 67.651950 1386 522 954.000000 114.394337
7740 67.660077 1370 521 945.000000 114.395377
7741 67.652517 1384 520 952.000000 114.422942
7742 67.652847 1383 519 951.000000 114.437165
7746 67.651804 1387 515 951.000000 114.498055
7745 67.653997 1380 516 948.000000 114.479563
7744 67.651400 1389 517 953.000000 114.469176
7743 67.651228 1390 518 954.000000 114.454685
7747 67.651181 1392 514 953.000000 114.513891
7748 67.651315 1391 513 952.000000 114.528446
7749 67.650903 1395 512 953.000000 114.543926
7750 67.650987 1394 511 952.000000 114.558565
7751 67.651085 1393 510 951.000000 114.573181
7753 67.650787 1397 508 952.000000 114.603249
7755 67.650697 1399 506 952.000000 114.632965
7756 67.650621 1401 505 953.000000 114.647876
7752 67.652523 1385 509 947.000000 114.585527
7754 67.650740 1398 507 952.000000 114.618111
7757 67.650595 1402 504 953.000000 114.662702
7758 67.650538 1404 503 953.000000 114.677580
7761 67.650691 1400 500 950.000000 114.721666
7760 67.650584 1403 501 952.000000 114.707066
7762 67.651881 1388 499 943.000000 114.734430
7759 67.650508 1405 502 953.000000 114.692413
7763 67.650330 1409 498 953.000000 114.751842
7766 67.650190 1411 495 953.000000 114.796426
7764 67.650504 1406 497 951.000000 114.766329
7767 67.650278 1410 494 952.000000 114.811058
7769 67.649560 1416 492 954.000000 114.841841
7765 67.650924 1396 496 946.000000 114.780398
7768 67.650106 1412 493 952.000000 114.826132
7770 67.649736 1415 491 953.000000 114.856324
7771 67.650016 1413 490 951.000000 114.870631
7772 67.655267 1378 489 933.000000 114.876496
7773 67.649906 1414 488 951.000000 114.900381
7774 67.649411 1417 487 952.000000 114.916004
7777 67.649215 1418 484 951.000000 114.960684
7775 67.648980 1419 486 952.000000 114.931519
7778 67.648156 1422 483 952.000000 114.977266
7776 67.647420 1424 485 954.000000 114.948951
7779 67.647984 1423 482 952.000000 114.992340
7780 67.647223 1425 481 953.000000 115.008417
7781 67.646796 1426 480 953.000000 115.023925
7782 67.645292 1429 479 954.000000 115.041266
7783 67.646356 1427 478 952.000000 115.054239
7784 67.650740 1408 477 942.000000 115.061565
7785 67.645868 1428 476 952.000000 115.084635
7787 67.642728 1433 474 953.000000 115.119544
7786 67.644102 1431 475 953.000000 115.102422
7789 67.645581 1430 472 951.000000 115.144255
7790 67.641999 1435 471 953.000000 115.165136
7788 67.644270 1432 473 952.000000 115.131703
7791 67.649598 1421 470 945.000000 115.166981
7792 67.660108 1372 469 920.000000 115.163872
7788 67.641182 1436 468 952.000000 115.136959
7785 67.637171 1440 467 953.000000 115.099433
7786 67.638253 1439 466 952.000000 115.112376
7796 67.642875 1434 465 949.000000 115.252345
7798 67.649941 1420 463 941.000000 115.269871
7788 67.636090 1441 464 952.000000 115.145627
7790 67.634933 1442 462 952.000000 115.177167
7791 67.631167 1445 461 953.000000 115.198367
7793 67.628296 1447 459 953.000000 115.232831
7792 67.632524 1444 460 952.000000 115.210841
7794 67.633740 1443 458 950.000000 115.238341
7796 67.623526 1450 456 953.000000 115.285322
7796 67.626785 1448 456 952.000000 115.279767
7797 67.621812 1451 455 953.000000 115.303033
7796 67.620022 1452 454 953.000000 115.291296
7797 67.618167 1453 453 953.000000 115.309248
7798 67.612787 1456 452 954.000000 115.333214
7799 67.616584 1454 451 952.000000 115.341526
7802 67.625236 1449 450 949.000000 115.371132
7801 67.614583 1455 449 952.000000 115.374519
7802 67.610658 1457 448 952.000000 115.396008
7803 67.608582 1458 447 952.000000 115.414342
7804 67.601456 1461 446 953.000000 115.441301
7807 67.629857 1446 445 945.000000 115.437180
7806 67.606297 1459 444 951.000000 115.462617
7808 67.598950 1462 442 952.000000 115.504753
7807 67.596340 1463 443 953.000000 115.494419
7810 67.593662 1464 440 952.000000 115.543377
7809 67.603939 1460 441 950.000000 115.511021
7812 67.588041 1466 438 952.000000 115.582578
7811 67.590896 1465 439 952.000000 115.562901
7809 67.579010 1469 436 952.000000 115.553631
7813 67.585125 1467 437 952.000000 115.602361
7808 67.575836 1470 435 952.000000 115.544261
7811 67.582125 1468 434 951.000000 115.577899
7810 67.572582 1471 433 952.000000 115.579422
7811 67.569231 1472 432 952.000000 115.599954
7812 67.565795 1473 431 952.000000 115.620633
7808 67.559712 1474 430 952.000000 115.571837
7809 67.548292 1477 429 953.000000 115.606180
7810 67.552191 1476 428 952.000000 115.614311
7811 67.555993 1475 427 951.000000 115.622607
7812 67.536297 1480 426 953.000000 115.671133
7813 67.540464 1479 425 952.000000 115.678803
7805 67.532059 1481 424 952.000000 115.574738
7815 67.562757 1473 423 948.000000 115.670235
7817 67.544555 1478 421 949.000000 115.731016
7807 67.518735 1484 422 953.000000 115.627166
7809 67.523280 1483 420 951.000000 115.649003
7811 67.514130 1485 418 951.000000 115.694300
7807 67.499666 1488 419 953.000000 115.659832
7812 67.509412 1486 417 951.000000 115.717198
7807 67.489560 1490 416 953.000000 115.677151
7814 67.527763 1482 415 948.000000 115.715369
7809 67.494680 1489 414 951.000000 115.698008
7809 67.479081 1492 412 952.000000 115.724753
7808 67.473677 1493 413 953.000000 115.719201
7811 67.463241 1495 410 952.000000 115.781571
7812 67.484388 1491 411 951.000000 115.760107
7812 67.468879 1494 409 951.000000 115.786717
7812 67.452133 1497 408 952.000000 115.815463
7814 67.441523 1499 404 951.000000 115.863338
7815 67.457945 1496 406 951.000000 115.849957
7813 67.429193 1501 405 953.000000 115.869695
7813 67.446256 1498 407 952.000000 115.840381
7813 67.399478 1506 403 954.000000 115.920779
7815 67.405342 1505 401 953.000000 115.940366
7816 67.418237 1503 401 952.000000 115.933023
7816 67.393985 1507 400 953.000000 115.974742
7818 67.411787 1504 398 951.000000 115.973784
7862 67.652664 1407 399 903.000000 116.211240
7807 67.367202 1509 396 952.000000 115.887253
7821 67.424660 1502 397 949.000000 115.996136
7804 67.359956 1509 394 951.000000 115.855183
7804 67.352614 1510 393 951.000000 115.867812
7821 67.387170 1508 392 950.000000 116.060669
7810 67.374341 1509 395 952.000000 115.919501
7806 67.345181 1511 391 951.000000 115.910298
7866 67.640300 1438 390 914.000000 116.291619
7804 67.330043 1513 389 951.000000 115.906654
7805 67.322322 1514 388 951.000000 115.934801
7807 67.314508 1515 386 950.000000 115.977970
7807 67.298538 1517 385 951.000000 116.005492
7831 67.436011 1500 387 943.000000 116.124899
7872 67.641820 1437 384 910.000000 116.377708
7806 67.232721 1525 380 952.000000 116.104181
7806 67.241472 1524 381 952.000000 116.089071
7811 67.250134 1523 381 952.000000 116.148467
7815 67.307103 1516 378 947.000000 116.109588
7809 67.274367 1520 383 951.000000 116.076900
7813 67.290902 1518 379 948.000000 116.107821
7810 67.225914 1526 376 951.000000 116.175438
7809 67.216974 1527 377 952.000000 116.176012
7810 67.209500 1528 375 951.000000 116.203810
7818 67.283003 1519 374 946.000000 116.195765
7813 67.202198 1529 372 950.000000 116.261078
7822 67.338517 1512 373 942.000000 116.159374
7805 67.185364 1531 371 951.000000 116.171135
7805 67.161360 1534 370 952.000000 116.212656
7807 67.177750 1532 369 950.000000 116.214074
7809 67.144690 1536 365 950.000000 116.301081
7815 67.193321 1530 366 948.000000 116.306203
7839 67.382636 1508 367 937.000000 116.335609
7808 67.169110 1533 368 950.000000 116.243910
7828 67.267061 1521 364 942.000000 116.371964
7803 67.112973 1540 362 951.000000 116.266642
7803 67.104428 1541 361 951.000000 116.281447
7802 67.075809 1544 359 951.000000 116.316152
7811 67.137245 1537 363 950.000000 116.343767
7803 67.094922 1542 360 951.000000 116.297922
7805 67.084999 1543 358 950.000000 116.344937
7808 67.121364 1539 357 948.000000 116.326599
7799 67.065686 1545 356 950.000000 116.288977
7799 67.047360 1547 355 951.000000 116.320762
7877 67.507289 1487 352 919.000000 116.683696
7821 67.129497 1538 353 945.000000 116.506161
7802 67.028220 1549 351 950.000000 116.398735
7799 67.038853 1548 354 951.000000 116.335523
7794 66.977790 1554 349 951.000000 116.366933
7803 66.987607 1553 350 951.000000 116.484233
7805 67.008988 1551 348 949.000000 116.476912
7796 66.948527 1557 345 951.000000 116.447670
7797 66.966736 1555 346 950.000000 116.430940
7794 66.957629 1556 347 951.000000 116.401971
7832 67.154512 1535 343 939.000000 116.626564
7809 67.020501 1550 344 947.000000 116.516586
7793 66.918039 1560 342 951.000000 116.455893
7794 66.908066 1561 341 951.000000 116.488197
7815 67.058408 1546 340 943.000000 116.540196
7803 66.938217 1558 336 947.000000 116.570180
7798 66.928313 1559 337 948.000000 116.512723
7794 66.896602 1562 339 950.000000 116.508160
7854 67.261013 1522 338 930.000000 116.768982
7789 66.835874 1568 335 951.000000 116.539211
7791 66.825884 1569 333 951.000000 116.586561
7799 66.856033 1566 334 950.000000 116.653646
7801 66.865823 1565 332 948.000000 116.666477
7790 66.815918 1570 331 950.000000 116.588984
7823 66.999529 1552 330 941.000000 116.762015
7791 66.792053 1572 329 950.000000 116.645614
7787 66.781059 1573 328 950.000000 116.604919
7786 66.759105 1575 327 951.000000 116.628286
7789 66.771029 1574 326 950.000000 116.652388
7800 66.846011 1567 325 946.000000 116.686095
7791 66.749171 1576 322 949.000000 116.720551
7790 66.714808 1579 323 951.000000 116.765681
7789 66.726959 1578 324 951.000000 116.729432
7783 66.671204 1583 319 951.000000 116.737055
7784 66.693934 1581 320 950.000000 116.712264
7781 66.658861 1584 319 951.000000 116.728667
7816 66.886218 1563 317 940.000000 116.855164
7786 66.681658 1582 316 949.000000 116.763743
7780 66.592512 1590 314 952.000000 116.829952
7781 66.626758 1587 315 951.000000 116.784911
7781 66.602559 1589 313 951.000000 116.827343
7779 66.638924 1586 317 951.000000 116.733578
7821 66.876250 1564 312 938.000000 116.947347
7783 66.615013 1588 311 949.000000 116.835525
7784 66.580080 1591 310 950.000000 116.911845
7776 66.559425 1593 309 951.000000 116.827932
7776 66.539447 1595 307 951.000000 116.863009
7790 66.649021 1585 306 945.000000 116.880937
7817 66.804519 1571 304 937.000000 117.013042
7789 66.569565 1592 305 948.000000 117.005421
7777 66.549440 1594 308 951.000000 116.860487
7779 66.514623 1597 303 950.000000 116.951727
7775 66.502118 1598 302 950.000000 116.913570
7776 66.489612 1599 301 950.000000 116.950600
7776 66.455683 1602 299 950.000000 117.010309
7775 66.477116 1600 300 950.000000 116.957541
7777 66.465752 1601 298 949.000000 117.007628
7769 66.407254 1606 297 951.000000 116.990231
7771 66.419806 1605 295 950.000000 116.998234
7771 66.430715 1604 296 950.000000 116.979021
7769 66.397315 1607 294 950.000000 117.007743
7782 66.443249 1603 293 948.000000 117.122509
7771 66.374027 1609 291 950.000000 117.078929
7765 66.361693 1610 292 951.000000 117.010276
7767 66.351712 1611 290 950.000000 117.058020
7766 66.331608 1613 289 951.000000 117.078422
7767 66.319249 1614 288 951.000000 117.115319
7760 66.273244 1618 285 951.000000 117.090994
7769 66.341726 1612 287 949.000000 117.105786
7769 66.309302 1615 286 950.000000 117.163049
7761 66.285378 1617 284 950.000000 117.084646
7761 66.261918 1619 282 950.000000 117.126099
7772 66.297661 1616 283 949.000000 117.228872
7755 66.220287 1623 280 951.000000 117.109127
7762 66.251915 1620 280 950.000000 117.158878
7758 66.210517 1624 277 950.000000 117.171718
7764 66.230050 1622 278 950.000000 117.227754
7758 66.198527 1625 276 950.000000 117.192940
7764 66.239784 1621 278 949.000000 117.210527
7758 66.188895 1626 275 950.000000 117.209994
7831 66.705402 1580 273 926.000000 117.396789
7759 66.166525 1628 274 951.000000 117.264735
7751 66.136548 1631 272 951.000000 117.196924
7750 66.125004 1632 271 951.000000 117.202261
7759 66.146227 1630 270 950.000000 117.300719
7814 66.528004 1596 269 932.000000 117.454298
7765 66.177039 1627 268 947.000000 117.336770
7753 66.101788 1634 266 950.000000 117.288809
7748 66.080476 1636 265 950.000000 117.250971
7769 66.156556 1629 264 946.000000 117.433562
7752 66.090203 1635 267 951.000000 117.294238
7759 66.113692 1633 261 947.000000 117.358444
7749 66.058686 1638 263 950.000000 117.304786
7749 66.028416 1641 262 951.000000 117.358563
7752 66.010435 1643 259 951.000000 117.435978
7749 66.001349 1644 258 951.000000 117.406691
7751 66.048781 1639 260 949.000000 117.352658
7754 66.037542 1640 257 948.000000 117.418059
7743 65.981894 1646 256 951.000000 117.350375
7743 65.971734 1647 255 951.000000 117.368448
7745 65.991844 1645 254 949.000000 117.362988
7745 65.963101 1648 253 950.000000 117.414128
7759 66.019470 1642 252 947.000000 117.525936
7745 65.954796 1649 251 950.000000 117.428913
7740 65.928709 1652 250 951.000000 117.399538
7741 65.909926 1654 248 951.000000 117.448167
7741 65.945681 1650 249 949.000000 117.384488
7742 65.920278 1653 247 950.000000 117.444893
7743 65.874706 1658 246 952.000000 117.541322
7744 65.892441 1656 245 950.000000 117.524861
7733 65.864782 1659 244 951.000000 117.407206
7747 65.883745 1657 242 949.000000 117.585908
7732 65.855205 1660 243 951.000000 117.409095
7728 65.812089 1665 238 951.000000 117.425235
7733 65.828466 1663 239 951.000000 117.471976
7734 65.838072 1662 240 951.000000 117.470026
7748 65.900985 1655 241 948.000000 117.570322
7736 65.820340 1664 236 950.000000 117.532058
7780 66.071509 1637 233 935.000000 117.751208
7742 65.846369 1661 233 947.000000 117.576719
7753 65.938236 1651 237 944.000000 117.579730
7731 65.802986 1666 235 950.000000 117.487070
7734 65.785587 1668 232 950.000000 117.563745
7735 65.776635 1669 231 950.000000 117.594948
7734 65.767593 1670 230 950.000000 117.595911
7735 65.758993 1671 229 950.000000 117.626497
7736 65.742573 1673 228 950.000000 117.671087
7836 66.389229 1608 227 917.000000 118.031194
7724 65.718108 1676 226 951.000000 117.532294
7734 65.726592 1675 225 950.000000 117.669268
7740 65.734728 1674 224 949.000000 117.745980
7725 65.709739 1677 223 950.000000 117.562482
7744 65.793954 1667 222 944.000000 117.700784
7725 65.685406 1680 221 950.000000 117.606033
7725 65.671040 1682 220 951.000000 117.631760
7726 65.649386 1685 219 952.000000 117.685792
7728 65.657033 1684 217 950.000000 117.702547
7727 65.664772 1683 218 950.000000 117.673446
7716 65.634750 1687 216 951.000000 117.559677
7749 65.750665 1672 215 943.000000 117.854321
7719 65.641869 1686 214 950.000000 117.592630
7719 65.627467 1688 213 950.000000 117.618436
7720 65.621549 1689 212 950.000000 117.644282
7734 65.679239 1681 211 946.000000 117.754105
7722 65.587016 1694 210 952.000000 117.736718
7723 65.594109 1693 209 951.000000 117.739232
7739 65.702445 1678 208 943.000000 117.788615
7723 65.580745 1695 206 950.000000 117.763225
7725 65.601046 1692 207 949.000000 117.757269
7727 65.615146 1690 205 947.000000 117.762445
7743 65.694334 1679 204 941.000000 117.864046
7725 65.575821 1696 203 949.000000 117.802566
7725 65.570326 1697 202 949.000000 117.812439
7726 65.558959 1699 201 950.000000 117.848119
7727 65.565244 1698 200 949.000000 117.852074
7728 65.546720 1701 199 950.000000 117.900636
7731 65.536109 1703 196 949.000000 117.965502
7730 65.552842 1700 197 948.000000 117.920135
7729 65.531204 1704 198 951.000000 117.943812
7737 65.609161 1691 195 943.000000 117.925605
7718 65.526218 1705 194 949.000000 117.784915
7734 65.541489 1702 193 947.000000 118.001591
7923 66.742648 1577 190 883.000000 118.709704
7718 65.521724 1706 192 949.000000 117.792993
7718 65.516375 1707 190 948.000000 117.802610
7720 65.484429 1714 188 951.000000 117.890621
7719 65.497634 1711 189 950.000000 117.851585
7724 65.472879 1717 184 950.000000 117.972512
7723 65.469104 1718 185 951.000000 117.964040
7722 65.476550 1716 186 951.000000 117.935352
7721 65.506221 1709 187 948.000000 117.866668
7725 65.501926 1710 183 946.000000 117.935463
7726 65.464778 1719 182 950.000000 118.017661
7727 65.511047 1708 181 944.000000 117.949573
7708 65.453897 1722 180 951.000000 117.762278
7703 65.446506 1724 179 951.000000 117.699179
7731 65.488548 1713 177 945.000000 118.051174
7704 65.449920 1723 178 950.000000 117.708318
7730 65.457945 1721 176 948.000000 118.091089
7708 65.438976 1726 174 950.000000 117.789129
7707 65.442702 1725 175 950.000000 117.767142
7706 65.435355 1727 173 950.000000 117.765083
7736 65.480594 1715 172 943.000000 118.141873
7627 65.422131 1731 171 951.000000 116.581345
7629 65.416316 1733 169 951.000000 116.622281
7630 65.428403 1729 168 948.000000 116.616021
7628 65.425349 1730 170 950.000000 116.590895
7631 65.418955 1732 167 949.000000 116.648149
7629 65.402506 1738 164 951.000000 116.646906
7630 65.399898 1739 163 951.000000 116.666849
7632 65.410420 1735 166 950.000000 116.678658
7628 65.405190 1737 165 951.000000 116.626830
7636 65.407990 1736 162 949.000000 116.744147
7633 65.397400 1740 160 950.000000 116.717178
7632 65.384553 1746 159 952.000000 116.724817
7638 65.413410 1734 160 947.000000 116.765049
7635 65.388472 1744 158 951.000000 116.763701
7636 65.390708 1743 157 950.000000 116.775001
7637 65.394982 1741 156 948.000000 116.782661
7636 65.376998 1750 155 952.000000 116.799490
7637 65.380661 1748 154 951.000000 116.808241
7725 65.431965 1728 153 940.000000 118.061562
7639 65.386380 1745 152 948.000000 116.828612
7640 65.373602 1752 151 951.000000 116.866744
7641 65.369199 1755 150 952.000000 116.889913
7642 65.375293 1751 149 950.000000 116.894314
7643 65.382634 1747 148 947.000000 116.896484
7645 65.367812 1756 146 951.000000 116.953586
7644 65.372023 1753 147 950.000000 116.930755
7646 65.365186 1758 145 951.000000 116.973583
7649 65.393061 1742 144 943.000000 116.969597
7649 65.363969 1759 142 950.000000 117.021658
7763 65.461561 1720 143 931.000000 118.588678
7650 65.362796 1760 141 950.000000 117.039057
7651 65.360759 1762 140 951.000000 117.058004
7652 65.370729 1754 139 946.000000 117.055448
7653 65.361659 1761 138 949.000000 117.086991
7654 65.357897 1765 137 951.000000 117.109031
7655 65.358810 1764 136 950.000000 117.122695
7657 65.354749 1769 134 951.000000 117.160575
7657 65.355467 1768 134 951.000000 117.159288
7659 65.353561 1771 132 951.000000 117.193308
7658 65.357056 1766 133 949.000000 117.171740
7660 65.356250 1767 131 949.000000 117.203787
7661 65.359804 1763 130 946.000000 117.212714
7662 65.354099 1770 129 949.000000 117.238247
7663 65.351949 1774 128 951.000000 117.257406
7665 65.352453 1773 126 949.000000 117.287105
7664 65.353001 1772 127 949.000000 117.270820
7666 65.351035 1776 125 950.000000 117.304952
7648 65.349081 1782 123 952.000000 117.033015
7649 65.348856 1783 122 952.000000 117.048721
7668 65.350639 1777 123 950.000000 117.336267
7671 65.351502 1775 120 947.000000 117.380623
7650 65.350282 1778 121 949.000000 117.061469
7652 65.349948 1779 119 949.000000 117.092672
7655 65.348183 1787 116 951.000000 117.141742
7653 65.349361 1781 118 949.000000 117.109026
7793 65.493060 1712 115 913.000000 118.989707
7657 65.347866 1790 114 952.000000 117.172916
7654 65.348673 1784 117 950.000000 117.125561
7678 65.366649 1757 113 935.000000 117.460511
7659 65.348550 1785 112 948.000000 117.202294
7660 65.349726 1780 111 945.000000 117.215488
7662 65.347812 1792 109 950.000000 117.249526
7661 65.348144 1788 110 949.000000 117.233628
7663 65.348648 1786 108 947.000000 117.263329
7664 65.347901 1794 107 950.000000 117.279972
7665 65.347780 1797 106 951.000000 117.295492
7666 65.348094 1791 105 948.000000 117.310231
7667 65.347871 1795 104 949.000000 117.325934
7668 65.347763 1798 103 950.000000 117.341431
7670 65.347633 1802 101 951.000000 117.372270
7669 65.347743 1799 102 950.000000 117.356769
7672 65.347679 1801 99 950.000000 117.402793
7673 65.347615 1803 98 950.000000 117.418210
7671 65.347993 1793 100 946.000000 117.386926
7677 65.347445 1808 94 951.000000 117.479727
7675 65.347747 1804 96 950.000000 117.448579
7695 65.379549 1749 96 922.000000 117.697355
7676 65.347536 1807 95 951.000000 117.464261
7678 65.347650 1806 93 949.000000 117.494661
7681 65.347465 1810 90 950.000000 117.540902
7681 65.347126 1812 90 951.000000 117.541512
7680 65.347319 1811 91 951.000000 117.525862
7682 65.346943 1813 89 951.000000 117.557144
7684 65.346525 1815 87 951.000000 117.588502
7685 65.347978 1805 86 945.000000 117.601190
7683 65.346751 1814 88 951.000000 117.572793
7686 65.345683 1818 85 951.000000 117.620624
7688 65.345354 1819 83 951.000000 117.651823
7689 65.344636 1821 82 951.000000 117.668419
7687 65.346291 1816 84 950.000000 117.634833
7690 65.345039 1820 81 950.000000 117.682997
7693 65.343335 1824 78 951.000000 117.731977
7691 65.344256 1822 80 951.000000 117.699710
7692 65.343847 1823 79 951.000000 117.715751
7694 65.342792 1825 77 951.000000 117.748259
7695 65.342210 1826 76 951.000000 117.764612
7696 65.341588 1827 75 951.000000 117.781037
7697 65.340913 1828 74 951.000000 117.797558
7698 65.340212 1829 73 951.000000 117.814126
7699 65.339568 1830 72 951.000000 117.830592
7701 65.337899 1832 70 951.000000 117.864212
7701 65.338756 1831 70 950.000000 117.862666
7702 65.337003 1833 69 951.000000 117.881134
7703 65.336050 1834 68 951.000000 117.898159
7697 65.333979 1836 66 951.000000 117.810060
7704 65.335043 1835 67 951.000000 117.915282
7707 65.346125 1817 64 940.000000 117.941194
7698 65.333042 1837 65 951.000000 117.827056
7700 65.331881 1838 63 950.000000 117.859763
7701 65.330834 1839 62 950.000000 117.876958
7710 65.347768 1809 61 935.000000 117.984137
7686 65.326798 1842 60 951.000000 117.654626
7696 65.328216 1841 58 949.000000 117.805146
7712 65.348375 1800 59 929.000000 118.013646
7689 65.325325 1843 57 950.000000 117.703203
7690 65.319243 1847 56 951.000000 117.729472
7693 65.320996 1846 53 949.000000 117.772240
7692 65.313663 1850 54 952.000000 117.770152
7694 65.315603 1849 52 950.000000 117.797274
7677 65.311790 1851 50 950.000000 117.543862
7691 65.324022 1844 55 949.000000 117.736168
7697 65.322605 1845 49 947.000000 117.830573
7676 65.309630 1852 51 951.000000 117.532437
7699 65.317650 1848 47 947.000000 117.870132
7679 65.307601 1853 48 950.000000 117.582025
7682 65.301097 1856 45 950.000000 117.639678
7728 65.348756 1796 43 919.000000 118.257798
7682 65.305394 1854 45 949.000000 117.631937
7683 65.299000 1857 44 950.000000 117.658770
7684 65.288416 1861 42 951.000000 117.693160
7686 65.296505 1858 41 949.000000 117.709210
7686 65.285582 1862 40 951.000000 117.728904
7687 65.291222 1860 39 949.000000 117.734050
7688 65.279664 1864 38 951.000000 117.770214
7689 65.282698 1863 37 950.000000 117.780059
7683 65.267084 1867 34 950.000000 117.716306
7681 65.273391 1865 36 950.000000 117.674291
7684 65.263974 1868 33 950.000000 117.737237
7682 65.270377 1866 35 950.000000 117.695046
7686 65.257102 1870 31 950.000000 117.780284
7687 65.246631 1873 30 951.000000 117.814512
7685 65.260727 1869 32 950.000000 117.758418
7688 65.250492 1872 29 950.000000 117.822866
7689 65.253819 1871 28 949.000000 117.832184
7690 65.243455 1874 27 950.000000 117.866229
7700 65.294285 1859 26 942.000000 117.927626
7693 65.232502 1877 24 950.000000 117.932009
7692 65.236753 1876 25 950.000000 117.908995
7696 65.219689 1880 21 950.000000 118.001176
7694 65.240199 1875 23 949.000000 117.933423
7695 65.228675 1878 22 950.000000 117.969589
7743 65.330644 1840 20 930.000000 118.520185
7690 65.200972 1884 19 951.000000 117.943027
7708 65.277335 1865 18 941.000000 118.080801
7696 65.215459 1881 17 949.000000 118.008830
7693 65.205922 1883 16 949.000000 117.980082
7702 65.224666 1879 15 947.000000 118.084162
7695 65.210774 1882 14 948.000000 118.001973
7696 65.196088 1885 13 949.000000 118.043892
7684 65.165665 1891 10 950.000000 117.914856
7683 65.171245 1890 11 950.000000 117.889416
7682 65.185987 1887 12 949.000000 117.847414
7686 65.160318 1892 8 950.000000 117.955225
7684 65.154565 1893 8 950.000000 117.934944
7684 65.137721 1896 6 951.000000 117.965441
7687 65.191374 1886 7 946.000000 117.914373
7722 65.304764 1855 5 930.000000 118.245585
7690 65.181092 1888 4 946.000000 117.978999
7689 65.149847 1894 2 948.000000 118.020231
7687 65.143846 1895 3 949.000000 118.000402
7771 65.402079 1789 1 895.000000 118.818853
7696 65.397331 1889 0 944.000000 117.680644
